2.38 2.63 34.04 46.35
24.93 7.55 48.29 41.66
25.07 11.08 68.27 62.46
10.17 49.30 88.27 47.78
49.49 53.96 47.19 42.53
2.38 2.63 20.63 9.43
12.32 8.92 12.21 12.52
6.18 12.49 18.33 36.49
7.07 13.08 16.55 34.62
18.72 24.78 17.27 5.91
24.74 28.00 11.68 13.87
2.38 2.63 3.52 3.22
2.79 4.33 6.35 3.92
7.07 7.77 2.34 2.43
9.34 6.24 2.55 5.53
13.63 6.76 6.07 5.07
6.59 4.09 16.42 7.96
12.32 8.92 2.12 4.60
13.23 12.61 1.57 4.16
15.48 12.78 3.55 3.83
20.61 12.78 3.57 5.06
18.66 15.63 5.86 4.48
18.85 19.83 4.76 1.61
19.54 21.68 4.97 2.21
16.25 22.10 3.16 2.26
13.13 19.13 3.91 4.45
6.18 16.88 5.49 6.22
9.01 12.49 3.10 2.61
18.32 43.95 5.26 5.03
19.81 39.35 3.66 3.65
22.36 31.25 1.25 5.58
13.81 31.13 8.08 3.65
7.07 13.08 10.54 34.62
12.50 25.95 4.77 4.45
16.14 24.98 4.26 2.09
18.72 27.03 2.72 3.66
21.58 26.16 2.07 3.04
24.22 24.78 2.01 5.26
25.43 28.47 3.63 1.85
28.05 24.81 2.12 5.20
32.51 25.00 3.48 2.93
30.97 28.00 5.45 2.74
34.11 31.73 2.30 4.64
28.80 33.77 4.83 2.44
25.01 31.06 3.32 3.28
24.74 34.02 2.61 4.20
25.66 37.54 4.89 4.34
25.81 36.93 11.42 11.76
37.03 38.55 5.86 10.47
37.54 31.50 11.14 17.71
24.93 7.55 31.01 23.32
61.97 24.92 11.24 24.13
49.31 24.88 16.75 20.25
27.47 43.10 5.71 5.54
25.81 42.24 4.71 3.43
31.23 45.22 5.55 3.47
33.28 41.43 3.01 4.37
31.92 39.41 1.53 3.35
31.10 36.93 6.14 2.47
38.35 38.55 3.60 0.33
38.73 39.74 3.49 2.69
37.75 41.01 2.07 1.82
37.03 44.05 2.54 2.09
37.70 46.20 3.52 2.81
40.63 43.77 2.26 4.31
41.92 44.20 4.11 4.66
45.37 44.14 3.30 5.06
44.63 40.17 3.32 2.65
44.62 31.73 3.63 8.19
42.48 31.80 3.25 4.44
37.54 31.50 4.33 5.37
37.62 26.48 7.83 3.85
37.99 29.32 4.56 1.55
45.26 24.83 2.79 4.71
37.36 14.26 11.55 10.72
26.39 7.55 29.56 16.95
24.93 18.99 16.39 5.47
61.97 47.73 7.13 1.32
62.79 43.11 1.61 4.19
62.27 37.58 5.39 4.67
63.72 36.07 9.26 6.81
68.80 25.73 4.41 11.14
63.47 24.92 5.53 7.49
57.14 32.99 8.92 3.17
56.20 29.76 4.05 6.02
54.74 24.88 6.46 5.68
49.31 30.87 5.00 5.24
49.55 34.66 4.66 5.38
56.72 40.73 4.17 4.40
25.07 11.08 68.27 37.20
49.23 38.22 11.79 16.39
49.53 53.04 11.52 8.33
49.42 60.42 14.10 12.71
61.55 61.56 12.08 11.97
61.64 49.45 24.36 21.33
25.37 16.69 5.16 4.63
25.07 11.08 10.78 6.51
55.39 19.00 10.55 5.20
73.20 15.95 8.46 20.70
75.77 35.04 17.57 13.24
68.27 43.78 8.04 4.34
56.49 38.22 3.76 4.48
52.90 45.89 8.11 3.23
50.07 43.76 4.44 0.79
49.34 43.10 2.80 5.71
49.23 49.71 4.59 4.90
52.84 50.07 7.13 1.78
57.28 53.08 3.55 2.16
55.64 53.04 1.26 4.73
58.62 57.66 2.44 3.72
55.40 58.69 3.67 2.40
52.32 57.07 1.91 4.21
49.53 56.04 5.78 4.61
49.42 60.42 5.71 3.72
49.90 64.10 4.60 7.62
49.56 68.13 6.50 4.00
55.43 68.34 4.50 4.79
57.00 65.14 3.47 2.00
57.19 62.34 6.33 2.21
63.81 61.56 3.51 3.67
62.64 65.39 4.92 3.44
61.55 71.58 5.04 1.85
66.44 69.61 0.72 3.93
65.50 67.74 3.02 2.82
67.97 69.37 5.66 3.57
61.64 49.90 4.25 3.03
67.78 50.10 4.93 5.26
71.86 51.10 7.55 5.29
74.08 56.77 8.20 3.80
80.09 49.45 4.39 5.34
80.26 62.93 5.73 7.86
10.17 61.66 88.27 35.41
38.99 49.30 10.23 17.75
25.97 49.71 16.63 11.80
13.14 49.50 23.61 20.43
10.17 76.08 88.27 20.99
29.46 75.52 31.59 18.01
40.06 73.21 7.76 5.78
44.49 68.43 4.59 1.22
40.17 70.93 3.84 2.01
38.46 61.66 3.00 5.87
40.21 62.12 7.19 4.93
46.47 58.59 2.75 3.43
43.68 57.45 5.42 3.39
47.05 49.30 1.48 6.11
43.44 49.42 2.45 3.18
38.99 50.42 6.59 4.22
37.17 54.26 2.20 4.06
34.58 55.73 8.03 5.78
34.32 49.89 2.58 7.75
32.32 49.71 3.39 2.46
25.97 52.82 7.45 2.10
26.94 56.49 3.47 3.29
26.61 59.61 6.65 6.26
32.86 61.71 3.70 5.48
29.79 68.53 6.95 1.40
19.25 51.79 4.96 12.80
13.14 49.50 8.58 5.82
62.07 54.02 11.63 14.03
73.95 53.96 12.71 26.42
76.08 74.25 16.50 11.46
86.32 81.88 10.35 14.60
62.37 73.86 22.87 21.92
49.49 73.95 17.97 17.63
69.91 64.88 3.79 3.17
67.89 61.87 5.65 5.57
69.60 56.54 3.98 3.99
67.82 56.16 2.73 5.25
63.49 55.59 4.84 5.83
62.07 54.02 5.28 3.52
81.12 53.96 5.55 18.96
75.37 61.58 3.98 10.93
76.96 62.08 5.84 5.44
73.95 71.28 5.41 4.96
74.80 73.88 3.46 2.79
74.38 77.02 4.44 3.36
76.08 81.33 1.90 1.94
77.63 80.66 5.03 3.75
80.61 81.37 4.41 4.33
80.25 77.73 5.58 1.48
80.96 74.58 6.64 4.27
88.81 74.25 3.77 10.72
86.53 81.88 4.81 8.83
86.32 88.37 4.83 2.83
92.00 86.21 3.76 4.33
92.85 90.36 2.22 4.59
94.22 92.46 2.45 4.03
87.01 92.32 8.32 3.62
78.68 88.09 2.79 2.93
80.88 86.25 4.36 7.82
62.37 87.66 17.50 8.12
67.96 83.19 5.85 3.26
68.61 75.02 4.42 6.49
64.94 73.86 6.76 3.38
61.99 74.85 5.47 3.52
63.68 77.70 2.63 7.02
55.39 80.11 4.79 4.93
54.59 74.53 6.93 4.43
52.24 73.95 1.87 4.07
49.49 75.38 5.93 16.20
