6.735548610776982e+01 5.610157828961042e+01
1.309888984013092e+01 1.076103504059158e+01
3.337588714296394e+01 5.216819015729035e+01
3.960729203685648e+01 5.979545759441930e+01
3.937286009491239e+01 6.349935833087942e+01
2.344144467736423e+01 2.920074538444443e+01
1.429517693443439e+01 1.316097146621511e+01
3.349017588912572e+01 6.971040811047854e+01
3.326014725473762e+01 6.333419584528226e+01
1.941363672638143e+01 2.436083882379258e+01
7.956264816118235e+01 8.100444122350342e+01
9.441812540934798e+01 9.333860957825958e+01
3.006429886281513e+01 4.863876937060737e+01
2.716552515697258e+01 5.961337276867015e+01
2.947438654531524e+01 2.755965847342198e+01
4.015955936510443e+01 5.572874171121106e+01
8.284237316483122e+00 8.608525220115606e+00
1.760913356252250e+01 4.254486746116959e+01
6.181330997697463e+01 6.430062037976722e+01
3.494258630522065e+01 6.171086318202475e+01
8.387635456801641e+01 8.137373094287923e+01
6.059094161269299e+01 6.131516024085001e+01
6.844684991543093e+01 5.535775920064493e+01
6.718847946284937e+01 4.904820781004794e+01
3.780018920567230e+01 4.282413845422536e+01
7.395412911176911e+01 7.493321838755273e+01
4.688592597013230e+01 6.876000038974374e+01
3.977886601472699e+01 6.526232697182895e+01
4.387215318194550e+01 5.159117297021867e+01
7.321619908750822e+01 2.572757126288830e+01
3.220140985450372e+01 3.526178005261831e+01
6.024942645928408e+01 3.022912571569320e+01
5.450205659699042e+01 6.521898302962705e+01
3.110136942754489e+01 3.931942428199621e+01
6.328237522220090e+01 5.079729744130879e+01
4.805277403586588e+01 2.483044522340516e+01
3.980711310156040e+01 4.236819880199049e+01
1.675627648448231e+01 2.596860071221933e+01
7.289632214718276e+01 5.654178700364329e+01
4.520993589991527e+01 4.886638942262162e+01
3.939206179692140e+01 3.149505876982256e+01
8.087152071854938e+01 6.670716424267773e+01
6.974518659928282e+01 3.748758293621437e+01
3.702517093785265e+01 4.456471410959331e+01
6.509222915812050e+01 3.316871792512403e+01
2.974556432950265e+01 3.000946266651899e+01
5.215931418571078e+01 3.850982467921488e+01
6.755663008261298e+01 6.758330916927368e+01
8.653473215753083e+01 8.625672384185451e+01
1.883164088638792e+01 1.138057516034968e+01
4.089859641422093e+01 6.166239179525065e+01
2.683343987961553e+01 4.224056448229055e+01
2.379822773710938e+00 2.651865833135994e+00
8.049879655934977e+01 6.555616313180543e+01
2.361243136997015e+01 1.983155742609447e+01
5.641321521833675e+01 5.777054210272657e+01
6.631001926891699e+01 8.038511069870134e+01
3.053226798563389e+01 1.668746294999358e+01
5.431274590623205e+01 3.610820205826717e+01
4.288949093962030e+01 4.650496837008545e+01
6.676176459311837e+01 7.015093716865668e+01
1.003463552143087e+01 1.497050450606848e+01
1.953973153943063e+01 7.608066505211556e+01
1.073652598306283e+01 1.311043400265854e+01
2.350948489821987e+01 2.792473568562610e+01
8.096550710573794e+01 7.790972585662976e+01
6.777765031890590e+01 5.121450631845729e+01
6.395973609146484e+01 8.004754821639096e+01
8.486791130301232e+01 8.699894054268184e+01
2.917511654845165e+01 6.280226552657935e+01
8.236037803096144e+01 6.292983599971146e+01
5.133829093114383e+01 4.833714166133541e+01
1.313933236149042e+01 4.998163668028222e+01
3.318225535110887e+01 4.425764768718421e+01
5.294820065734458e+01 6.929128850790167e+01
3.277841794302309e+01 5.491747984091938e+01
6.774802766553276e+01 2.927579344298719e+01
2.998073547100183e+01 1.736816548200273e+01
5.387210394444959e+01 6.077392711796996e+01
7.142961134283698e+01 6.033399304841920e+01
6.687729100100620e+01 6.156290368234824e+01
6.494156126839600e+01 7.708008864081982e+01
4.823174294058427e+01 4.929725845255183e+01
3.457740254617762e+01 5.925581387039423e+01
5.679801762157271e+00 4.283352336775898e+00
7.262773170595952e+01 6.936680218769018e+01
5.014930525780151e+01 4.004343724367376e+01
4.448624936652370e+01 6.843017308854331e+01
6.249059426424926e+01 4.883307655111224e+01
3.972003629525972e+01 3.859353579407410e+01
6.105009712665134e+01 9.352753575252467e+01
3.123293460561056e+01 4.858835560047034e+01
4.442070863022280e+01 5.210817855808556e+01
3.645180530108866e+01 6.853195162528016e+01
5.414234581719018e+01 5.707291187925179e+01
8.599355126359558e+01 6.864145364734057e+01
5.467673265185291e+01 8.460878308087760e+01
6.197433994901431e+01 4.893355666417932e+01
4.921914978078144e+01 6.202578637215960e+01
4.683426712718261e+01 5.908151626783757e+01
5.339273729239892e+01 4.376001825545276e+01
6.833435361525282e+01 5.009548763419721e+01
5.619704969941301e+01 3.578229029506752e+01
7.036974686323958e+01 4.811605802540642e+01
5.652828966910818e+01 5.764779043400612e+01
3.570554222245971e+01 4.970899704830197e+01
6.918100047547030e+01 5.615765249914767e+01
7.380587907503798e+01 8.644286199488647e+01
4.731081636213565e+01 4.564894083037161e+01
2.276635501430832e+01 4.669585803135870e+01
3.601679568787664e+01 3.173353698788132e+01
8.057318503698107e+01 8.441008656788065e+01
6.914437844998159e+01 4.619498008064942e+01
6.989468073965351e+01 5.456872119283160e+01
3.690186731833531e+01 4.988720418885276e+01
5.727826646049438e+01 5.413657943798059e+01
8.266068484611910e+01 8.265150320985822e+01
4.446344549631493e+01 2.955085911645497e+01
3.599118624597443e+01 2.641195930868878e+01
3.641780560919410e+01 3.074120507825725e+01
5.729676506988060e+01 6.075381974092889e+01
2.636645466720699e+01 5.371602276643839e+01
7.469450977158053e+01 7.623720505325420e+01
3.911651655077213e+01 4.164837571850996e+01
9.586847453469360e+01 9.648243783525749e+01
9.142959887019199e+00 8.250459221051898e+00
5.843022804941247e+01 4.129442326477749e+01
4.461626926855416e+01 3.904391298753918e+01
4.676219071300294e+01 3.766458462159871e+01
5.903754401491295e+00 5.849572118717592e+00
4.463249058632817e+01 4.034897698151310e+01
3.936367416612163e+01 5.426216712066885e+01
8.233505805136747e+01 7.920435519846950e+01
2.622745301198106e+01 2.691326680650145e+01
4.103746563246986e+01 6.150676417232175e+01
6.543783128787943e+01 9.578006123654266e+01
5.011568964230342e+01 4.455080050024061e+01
3.052755597500235e+01 4.300065878955926e+01
7.965457009048639e+01 6.208416404386485e+01
2.248531450998165e+01 1.465816037115675e+01
6.379813387614781e+01 5.537528020666500e+01
5.329483361635365e+01 6.877152496393126e+01
1.509786173324757e+01 2.357789093943390e+01
6.279417394610005e+01 4.611970413010400e+01
1.954210040783218e+01 2.301285931335818e+01
6.085254229055096e+01 5.841568941766469e+01
3.587432519684089e+01 2.588294829172412e+01
2.542702545358288e+01 2.964923501770349e+01
4.299908092501239e+01 6.436677637597224e+01
6.466395223474240e+01 5.859106689882122e+01
9.011349313408223e+01 8.303254824296766e+01
4.573692886103397e+01 3.394794708158596e+01
6.878399425388903e+01 6.186615234534138e+01
2.804752354906478e+01 2.695922323805056e+01
2.035236494544753e+01 3.113236824656266e+01
7.881940652207980e+01 7.839200375880138e+01
1.573389986730041e+01 2.828640176901747e+01
4.591983108642847e+01 4.718506849188250e+01
4.006310160369699e+01 7.689784254639368e+01
2.143568655632763e+01 2.822208669329563e+01
6.818422617467975e+01 6.917543074847256e+01
7.497794308133874e+01 3.511477912880623e+01
8.666877812507104e+01 6.708271724079796e+01
2.593019992770548e+01 4.566953468019209e+01
6.594065469674780e+01 2.158814663432934e+01
1.926976849770483e+01 2.707339515759447e+01
5.422991641928529e+01 6.011322297692359e+01
3.677838092248981e+01 4.609458169523204e+01
3.133400439188751e+01 5.282150773621020e+01
4.415210989236355e+01 4.831473928592964e+01
7.687257675959501e+01 6.679039493799576e+01
4.944529836208365e+01 5.052326070001011e+01
5.774065669765798e+01 6.583604763288726e+01
5.982271854264488e+01 5.308476340196619e+01
6.666751419251773e+01 6.774070325920755e+01
3.054989372943253e+01 4.064121550838325e+01
5.865075100474596e+01 3.588975387109862e+01
6.348677381337580e+01 5.618869838825256e+01
1.770420516849352e+01 3.242078467735465e+01
2.729167450052312e+01 2.847443103760208e+01
2.660705500498114e+01 6.587040929489021e+01
3.254163808346866e+01 4.982272885692370e+01
5.420794171550838e+01 3.999374335092045e+01
9.340922399166371e+01 9.035760606140818e+01
6.476896116287327e+01 5.150628035006014e+01
4.537082313297540e+01 4.768162673278137e+01
6.449188845457468e+01 6.349882555340957e+01
4.120376490960052e+01 4.689073064769207e+01
9.024190172988730e+01 9.045717215693702e+01
1.443873675150976e+01 9.875854641511447e+00
6.588823936011545e+01 5.083338944025511e+01
5.637772764103974e+01 2.983457044031557e+01
8.302980097380999e+00 1.729481813348954e+01
8.523649393059586e+01 8.750550558042534e+01
2.735013934469733e+01 3.671387911346044e+01
8.432678265014263e+01 6.693998753169336e+01
8.675252151974986e+01 9.033770970565236e+01
5.888584347513950e+01 5.025037776100761e+01
5.653939657389701e+01 8.011185127609419e+01
4.953192025869052e+01 5.725641618352874e+01
2.210980663439504e+01 2.315524170988230e+01
7.497729915926816e+01 5.403381200194293e+01
5.012619727508846e+01 7.605026496644217e+01
6.745472923262301e+01 4.772629286528356e+01
6.949722000732412e+01 8.545540403936322e+01
2.483282680742687e+01 3.003801971315667e+01
7.156943771859079e+01 3.607413941547992e+01
4.248436027029799e+01 3.623992358451640e+01
1.632652310209241e+01 6.762411926244967e+00
6.796601206968649e+01 7.215760485301786e+01
1.266066762264693e+01 1.332065650894493e+01
3.054087126971346e+01 3.410752858839264e+01
4.670996666298275e+01 3.254486349032925e+01
9.112470153872806e+01 8.386989673212898e+01
5.825499351543041e+01 3.384135384269221e+01
5.806779097745210e+01 6.708771447911636e+01
1.362615584837957e+01 7.997876197159917e+00
1.063142698628376e+01 2.029851452586225e+01
9.342580216312000e+01 8.756284412667408e+01
8.020564021749412e+01 6.613413966349326e+01
7.783329186705808e+01 8.132634624123622e+01
5.710220826976098e+01 6.713739992130434e+01
6.346834159540824e+01 2.851995455574750e+01
6.790371346564754e+01 2.939167664914385e+01
5.712097663987185e+01 5.905956324388540e+01
7.303987410912120e+01 6.401306746329021e+01
4.500944045132246e+01 4.827517784127961e+01
6.659245453565185e+01 5.754119722574848e+01
4.879306698942711e+01 9.041409820487902e+01
8.643888469776100e+01 5.395671967444778e+01
2.597364741870237e+01 5.312568241195687e+01
4.104648475755256e+00 6.199632691141098e+00
7.537220165826794e+01 6.442910123845211e+01
1.954305522762174e+01 1.974265850428823e+01
4.602529032429950e+01 4.730811409067715e+01
5.429011714680441e+01 3.087198825757729e+01
2.897241204105323e+01 5.852743335357854e+01
3.328675467279540e+01 2.446027891846901e+01
2.108027434192218e+01 1.789229330343228e+01
5.700241489826017e+01 6.521458459631152e+01
7.298798898310751e+01 3.878282423603501e+01
4.712712543199234e+01 4.920045177167239e+01
4.066182990659888e+01 4.602702700743004e+01
5.314608558262622e+01 3.133729572435144e+01
2.944397248766647e+01 3.764978429193987e+01
2.832593960426479e+01 3.105537176364430e+01
3.722448709928096e+01 4.614038762285936e+01
3.432368768321191e+01 5.734642774467988e+01
4.795692557133843e+01 4.154788885112036e+01
4.992977275325826e+01 4.571731526389207e+01
3.041080861106984e+01 5.978030645077166e+01
8.964595751816023e+01 8.952414970827212e+01
4.981184506292860e+01 3.465971966978296e+01
4.401086441252609e+01 7.235160426055900e+01
4.191810011446548e+01 4.426132842671959e+01
4.549426264110532e+01 6.294570947478014e+01
6.714456373361919e+01 7.353352097358417e+01
4.213480413206894e+01 5.089912675681200e+01
8.249629282609187e+01 8.499254137409706e+01
5.497605394980042e+01 6.212497741372268e+01
8.247262146476602e+01 4.827584639539461e+01
1.343798738287843e+01 2.595058035693449e+01
6.245979762007226e+01 3.757530779277003e+01
8.070792693986601e+01 8.992762947608466e+01
2.144565360981033e+01 1.372438175018419e+01
5.990733392606307e+01 4.074782677886966e+01
6.892692961489109e+01 3.488230525934311e+01
5.861751643313590e+01 5.990724851935828e+01
6.712592817624343e+01 3.050464474704366e+01
1.344667445088821e+01 1.352197268219051e+01
5.903606840332186e+01 2.976016399937359e+01
7.099593674585142e+01 8.151195385323354e+01
5.392713203590129e+01 6.128407641527068e+01
2.905855832784644e+01 2.893541125324067e+01
1.812299464227338e+01 8.030008350096149e+01
7.647192685104588e+01 7.388382125957057e+01
3.723789013217898e+01 3.836786753066389e+01
4.931169454655055e+01 3.219720874336587e+01
8.414655658660536e+01 7.458426735992035e+01
5.671916642879816e+01 4.072928478168969e+01
5.770744502067687e+01 2.276967295013114e+01
3.285865899351890e+01 6.616562195831644e+01
6.745791102728896e+01 7.837529819760996e+01
5.539036716840018e+01 2.334308043489140e+01
2.851249592620202e+01 6.315506069291480e+01
6.183718274817354e+00 2.310156340258021e+01
2.668598905431969e+01 2.417843678314513e+01
1.623728656914847e+01 3.040114750689923e+01
8.203523895882203e+00 8.760919233122912e+00
4.905740838716711e+01 6.964849931840156e+01
2.925634294024836e+01 2.480846908390579e+01
6.154562751556684e+01 7.229022753343784e+01
3.753620288065048e+01 3.487681577829906e+01
8.061037549883967e+01 8.509526654277353e+01
7.186092624461119e+01 5.110358506558834e+01
8.146629176439785e+01 9.102693141682622e+01
9.199616530170151e+01 8.621193562359507e+01
3.731069777616683e+00 5.638543550107065e+00
5.157468556504451e+01 5.865198211211337e+01
3.755507346940513e+01 5.661104303746482e+01
3.250900823779011e+01 2.739356279212562e+01
1.460872897598673e+01 5.531658217121382e+01
5.578868780829094e+01 8.018181991031801e+01
7.070573815414648e+00 7.769045589612653e+00
8.326048021252090e+01 5.191102496076157e+01
6.899899369316741e+01 2.491876376298518e+01
6.270763182633176e+01 7.277281125245088e+01
7.580825674058758e+01 3.664955379378991e+01
7.597333330486148e+01 4.377986875526111e+01
7.020068522820020e+01 3.398885377600531e+01
6.120183345190529e+01 2.537536175036394e+01
4.907877200731615e+01 6.863595674190816e+01
6.560911158836795e+01 7.342877059393116e+01
2.400565408500875e+01 1.664366602597229e+01
8.096193941977816e+01 7.476904138056133e+01
7.934722309559218e+01 7.251141878770035e+01
5.614245572000775e+01 8.025767943780842e+01
1.419822639216977e+01 1.676351037955616e+01
4.067586435236091e+01 4.120839495068559e+01
4.517971857099945e+01 3.209676590040943e+01
7.608455539592813e+01 8.327041183656507e+01
4.131990446667741e+01 1.898889489527647e+01
4.543430799798550e+01 5.869987733674455e+01
6.425496349999780e+01 5.907539832603569e+01
2.514419583590989e+01 3.182210035493603e+01
4.993865502604343e+01 2.449213406205619e+01
3.370312170390578e+00 6.751543160319654e+00
4.648514418826279e+01 2.588782014937902e+01
4.008679578268215e+01 2.943394576455255e+01
7.631684546941540e+01 4.658682616911418e+01
2.074142671011899e+01 2.168142210983293e+01
4.867261479704357e+01 4.907924873554054e+01
4.210073537096545e+01 5.796307116846567e+01
2.789945763821606e+00 4.333001841096757e+00
6.367973469214640e+01 8.351797051114731e+01
3.599676873176378e+01 3.799647984173747e+01
5.414432251865087e+01 5.630649010166988e+01
6.652125725103566e+01 6.960737618856508e+01
2.474221607705367e+01 3.623443973260987e+01
5.541535206161876e+01 8.755632035549837e+01
3.097245365588765e+01 3.010981082759131e+01
3.834619481486907e+01 3.875209025533151e+01
7.002728531054481e+01 3.189191086389759e+01
1.985537375611209e+01 2.623207516963985e+01
1.613885906445055e+01 2.498482433279955e+01
4.078621115924608e+01 3.973573863141513e+01
4.367703014631417e+01 5.829933698734438e+01
2.832617651735735e+01 4.289707419920562e+01
9.264996300426411e+00 4.091425733366148e+00
6.381011390598663e+01 6.375238696925287e+01
1.231999804474376e+01 8.919879410770109e+00
2.296520839114747e+01 3.472009797803300e+01
8.029003308271371e+01 7.772803600668504e+01
2.417808917754959e+01 1.783472038495322e+01
1.725812025707834e+01 1.660989848271698e+01
1.832042597488068e+01 4.565183099290428e+01
8.631888503786766e+01 9.120007992959873e+01
9.239558129011910e+01 8.795797904597968e+01
2.845254723163755e+01 2.309220681323459e+01
9.575940413986132e+01 8.921418010834506e+01
2.874613524957882e+01 4.656877712516486e+01
3.192285435990900e+01 4.274361493963580e+01
4.702676791051250e+01 2.251884227778245e+01
3.656327245355325e+01 6.343316533072946e+01
1.012554545549910e+01 1.273099213377177e+01
8.881325302122514e+01 7.926644416493929e+01
5.594223327322106e+01 2.237012609442165e+01
1.399170012881256e+01 1.585648148111241e+01
4.489633192327354e+01 3.992585256901191e+01
2.065282828277845e+01 1.989537422467468e+01
8.227382680955813e+01 5.955902869343884e+01
5.382107808980695e+01 5.318155847089883e+01
5.284427832280377e+01 5.072530327131396e+01
3.514178059132129e+01 6.338524749365672e+01
2.330253650161648e+01 3.285208333377265e+01
5.474326405358943e+01 3.056034315008395e+01
5.299304896016836e+01 5.007132035840277e+01
6.545865355253467e+01 6.523451227998726e+01
4.105163858216640e+01 7.133511278479290e+01
1.457523650829793e+01 1.951755702811776e+01
3.112946234206061e+01 3.066845727674244e+01
5.844501890096794e+01 4.343987247208380e+01
4.646681958333868e+01 5.983129598969227e+01
2.213944949888314e+01 2.764392810650637e+01
6.012503895351959e+01 6.514073197600405e+01
2.539903234170694e+01 3.433337632142641e+01
1.138949526745935e+01 1.150373368386686e+01
4.529619430293134e+01 1.916109862843597e+01
4.297251201871030e+01 5.118493285053113e+01
6.479595180946910e+01 7.509229549786886e+01
7.017126455883621e+01 6.701141504459085e+01
3.981474882185533e+01 4.100868652419274e+01
1.943024489444581e+01 2.060154208567641e+01
1.144003239676003e+01 1.145229130902323e+01
1.017284290038787e+01 1.688480975329961e+01
5.513217164812672e+01 6.414446776089969e+01
9.334591031178448e+01 9.423995427105299e+01
4.557574367987794e+01 5.264950506400691e+01
3.327908990029370e+01 2.500326045652837e+01
6.880144917454469e+01 3.186778753978733e+01
5.442343276125874e+01 4.588946484843374e+01
2.630989776367712e+01 3.402342085367299e+01
5.646817691124077e+01 7.781178736361642e+01
4.744485111024814e+01 7.382854613485789e+01
1.737059672069903e+01 1.022162289074092e+01
2.450915418925573e+01 2.338189580484930e+01
1.701841727922022e+01 7.604999049872783e+00
3.898610997999911e+01 5.252016019557070e+01
5.059398707426971e+01 6.065011722134732e+01
2.154217666001667e+01 5.065727389999032e+01
3.889555120081273e+01 4.255538913316970e+01
7.641872789552816e+01 7.514268462311163e+01
1.866133026763581e+01 2.010865837293427e+01
7.329374915818811e+01 6.718962947961906e+01
5.584485454787196e+01 5.329502939369827e+01
7.511916736509497e+01 7.234224345513840e+01
6.910129008632060e+01 4.840267556785884e+01
3.083282634665092e+01 1.447844903182930e+01
3.736377631051503e+01 1.960892123291823e+01
1.480660455711908e+01 1.260807093167639e+01
2.093750264313508e+01 1.562864523403197e+01
5.290309129642747e+01 4.733132962719784e+01
1.880170759991432e+01 3.059079820481091e+01
6.663404435586158e+01 7.299334867173245e+01
4.770082369048344e+01 2.899273336178128e+01
1.525049774133594e+01 2.985914974553966e+01
4.532260625020022e+01 1.426216743538957e+01
6.232894567789508e+01 5.174786940855758e+01
5.615144278682335e+01 5.304278159182685e+01
3.846145882236640e+01 6.753675425739077e+01
4.267117387997384e+01 7.136072337898582e+01
2.993465567379827e+01 5.890148050191065e+01
5.939059137323579e+01 3.886679917535916e+01
7.429548370528903e+01 7.127818650017261e+01
7.472841357415498e+01 7.939506637055632e+01
2.637826001746392e+01 3.032292193104756e+01
8.087746410995389e+01 8.625378790278843e+01
7.443186843760731e+01 9.008314130113740e+01
4.922675284390277e+01 4.971410763567415e+01
5.543354204601081e+01 6.854178562268923e+01
5.964104563196155e+01 4.175003099121704e+01
4.739813280532335e+01 6.212480434419525e+01
1.697501255153247e+01 4.769637476916455e+01
8.154705529885192e+01 4.973719987759739e+01
4.557308439404703e+01 2.799002935570810e+01
1.583155690187855e+01 2.148140760518016e+01
5.943313041494113e+01 6.833850201789016e+01
2.747209129045761e+01 4.641309778730583e+01
3.089017407283227e+01 4.697646841992893e+01
7.941013009628155e+01 5.346695290205990e+01
3.851177389958118e+01 3.854749811451672e+01
2.661637395883625e+01 3.268580022903545e+01
4.844332102007476e+01 5.541181194522879e+01
5.939885479300727e+01 5.185583267982358e+01
3.863302021937412e+01 5.493186996300033e+01
8.009070072504342e+01 4.945146966057349e+01
6.372327952743135e+01 3.714547474811634e+01
9.422253678155671e+01 9.245549388006630e+01
4.954651316292085e+01 3.621329672307265e+01
3.716800632486792e+01 5.561890526738599e+01
6.509004813121953e+01 7.568410589892756e+01
1.321632829151743e+01 1.285110499404090e+01
7.181358943259254e+01 7.502186849534390e+01
6.017750141566592e+01 8.259437753592266e+01
5.066397986696137e+01 7.537779808935758e+01
6.587445136442419e+00 5.918245390010284e+00
9.115343022183768e+01 9.078664082169283e+01
6.283833761030761e+01 4.730109946080503e+01
4.619982988889825e+01 4.088675708523762e+01
7.420671432912186e+00 7.621462389678920e+00
2.331168377292213e+01 1.277906653769013e+01
4.853234467215751e+01 5.120482976417011e+01
4.589957784627094e+01 4.941704455779247e+01
3.671241089339696e+01 5.284455186563075e+01
9.416121306155775e+01 8.843580133144640e+01
2.364548465181744e+01 2.863849783943550e+01
2.626753071891802e+01 2.950326449403384e+01
2.566476570337208e+01 2.871367050178147e+01
8.839361350957628e+00 1.020264325621412e+01
1.017212598094572e+01 7.864740885763553e+01
3.768735892135984e+01 5.585592387878155e+01
3.762079167542335e+01 4.433757794749560e+01
8.476108994157016e+01 9.336005684078765e+01
7.246772296713812e+01 6.512583115038947e+01
4.971557059474942e+01 7.672700734028061e+01
1.726860993457726e+01 2.859211442417731e+01
6.011808025088624e+01 7.644739791221710e+01
3.633793750300255e+01 4.614014038477752e+01
1.167573414907905e+01 2.000480176328592e+01
4.774614557366278e+01 4.414065397224315e+01
3.493892155863003e+01 6.718732056962958e+01
9.667375695368411e+01 9.268128515248752e+01
5.901021536537969e+01 8.504612864085711e+01
2.019020828499231e+01 4.395166515484769e+01
7.748439423766627e+00 8.552090942972878e+00
8.388350602355719e+01 6.574422108341433e+01
9.285271287918994e+01 9.171056212115280e+01
5.053538306495051e+01 6.914980762744688e+01
7.438300210472612e+01 6.000731262627123e+01
1.935203417858490e+01 2.850239146212406e+01
4.361019529673643e+01 3.180146906039848e+01
9.407677740220109e+00 9.594197155081481e+00
1.249872233991760e+01 3.007120298999574e+01
3.041205520133782e+01 4.309992074340846e+01
3.110433293727100e+01 3.692864305493222e+01
5.318193952727083e+01 3.095252084564208e+01
3.220172937467952e+01 3.959007603225589e+01
3.129432785217881e+00 2.625677954398383e+00
4.155514619051997e+01 4.240829783937536e+01
1.903629223341862e+01 1.503915104282068e+01
8.758235825187188e+01 9.071410101797605e+01
9.333742869038596e+01 4.615735862428551e+01
4.021309139135727e+01 6.450981530652082e+01
6.960273251476005e+01 5.729034524193405e+01
4.956356940880098e+01 7.213046740730334e+01
2.880148100828825e+01 3.395746800083545e+01
6.236507131726954e+01 9.116443758520266e+01
5.108918144536895e+01 5.460996938034162e+01
3.479903448565539e+01 8.033733432693560e+01
2.228495371443918e+01 2.135392783463182e+01
3.220832244993923e+01 3.940915143157433e+01
7.936865875762325e+01 7.325430554660738e+01
6.416314166520719e+01 7.769891769230465e+01
3.521126448049252e+01 6.524461205266182e+01
6.912277411451701e+00 7.376669581400535e+00
2.694017895818219e+01 5.649066697645043e+01
7.589328000225862e+01 6.157669608459538e+01
4.344489643431177e+01 5.005706153426502e+01
3.674453838114543e+01 6.919777350459441e+01
3.292942919875903e+01 2.618995128050941e+01
4.794710234835553e+01 5.972691762521775e+01
7.320409222926637e+01 1.595416411763285e+01
5.295737684528599e+01 4.387267673416276e+01
5.123717217758792e+01 5.310315475017283e+01
7.762732391580406e+01 8.065595254818663e+01
3.342372986610579e+01 5.298833462585724e+01
2.922780286740398e+01 3.620897482182794e+01
4.933520344800696e+01 4.420068362643370e+01
6.991229638360478e+01 6.765945789387960e+01
6.297843290390917e+01 4.542524333605245e+01
6.093819061725281e+01 5.765721799309270e+01
6.982397972180770e+01 6.301664334813832e+01
7.110817723818477e+01 8.546910625812117e+01
5.844183495995516e+01 5.493817426160051e+01
5.943668527764318e+01 3.094951583320514e+01
7.826225565287480e+01 7.477528233215834e+01
4.541951850198294e+01 6.705016388065548e+01
2.361734228086653e+01 3.125434219720391e+01
2.717196753637692e+01 3.409023172823056e+01
7.089347729478732e+01 3.686416720382059e+01
2.332213217726342e+01 3.463906011115451e+01
5.945440714494270e+01 6.234276489191613e+01
8.015832952245533e+01 5.676632213241241e+01
1.548270831761435e+01 1.415657517072226e+01
7.958811698045037e+01 8.847869642890919e+01
3.344939854051714e+01 2.978459310812800e+01
5.967911256502376e+01 7.313022542384894e+01
6.833106266010327e+01 6.142075961302812e+01
8.607317738042534e+01 7.130597271095601e+01
1.810003941246504e+01 3.232830082252815e+01
7.867965586005560e+01 8.882051165111521e+01
4.218349605325085e+01 7.092567152496449e+01
7.357926571537007e+01 5.702149503631352e+01
7.244424593366874e+01 7.658648985195283e+01
5.538877178077630e+01 8.213907785504446e+01
9.069991204771966e+01 7.425264425922018e+01
3.933892428918215e+00 4.828153245462651e+00
9.040509825051780e+01 9.304144992242854e+01
3.857116843345577e+01 3.237117332212734e+01
7.347239640403131e+01 8.838841496260349e+01
1.312553173440013e+01 2.188122377920775e+01
1.188385016046529e+01 1.177093169129146e+01
3.825564183447745e+01 4.640694717009436e+01
6.024111981477075e+01 4.269863765850234e+01
6.795942893912114e+01 6.329897709986092e+01
8.514302873837900e+01 7.291624746341088e+01
5.318548805984778e+01 6.409983192470993e+01
4.524794980092236e+01 3.301984783041394e+01
3.798882503908131e+01 3.049421263408053e+01
5.564133159691349e+01 5.490371890050714e+01
7.736707090465248e+01 7.348238531940228e+01
1.947967725177820e+01 7.815364729978043e+00
4.121806063226657e+01 4.901731339291221e+01
5.531130691571673e+01 5.761415910064918e+01
4.260720546814505e+01 5.940525511847566e+01
9.134009968049418e+01 8.188302954783285e+01
7.197609828905888e+01 5.967345713128097e+01
3.537469340907219e+01 5.484018867892167e+01
9.335645341705355e+00 6.243580999197254e+00
2.358525446435261e+01 4.897737446075604e+01
4.495878542476685e+01 5.182572927472970e+01
1.087910435360828e+01 8.129461442469237e+00
2.506765928425491e+01 1.543936228097147e+01
2.991926192169718e+01 6.968503136305631e+01
6.335543082826987e+01 3.992808092738449e+01
2.979020595432058e+01 6.864008449063385e+01
1.771091512939789e+01 2.515256722055641e+01
5.458989665843139e+01 7.896046578584196e+01
2.002586336535851e+01 3.963556035676589e+01
6.606090817107017e+01 3.299205611909282e+01
6.658881715274593e+01 7.278005358026600e+01
3.614571594050474e+01 4.580099198709235e+01
7.848338318268981e+01 6.056285785255102e+01
4.144441829533104e+01 5.464190314802847e+01
7.702043343164952e+01 8.800828438656815e+01
8.583045745649954e+01 7.881308760328736e+01
1.210866536466558e+01 1.307440584314045e+01
3.770196950733817e+01 4.620417951117401e+01
1.969692357247683e+01 1.182901111604934e+01
1.451844676414134e+01 1.566763790782263e+01
9.700193037248624e+00 2.298633614683136e+01
5.403815554885634e+01 6.117553375939104e+01
6.198802131917970e+01 7.485188063328440e+01
5.319503939735271e+01 7.394840808893218e+01
4.950480428439478e+01 1.982751193975758e+01
8.168408272717522e+01 8.141503380826259e+01
3.193622235347114e+01 3.939389218034164e+01
8.275935860152408e+01 7.891126281857935e+01
7.366325057731987e+01 8.578099449450301e+01
5.616341826443863e+01 7.453468287923914e+01
4.705031939397033e+01 5.149858098794724e+01
5.743854969024694e+01 5.166325638278434e+01
3.431858389877421e+01 4.340819280249676e+01
6.397351353418684e+01 4.824192742465181e+01
4.909752089297145e+01 5.744931340755537e+01
6.088525187207013e+01 4.513235809578823e+01
3.050187542685300e+01 4.187321074301157e+01
2.492899193528091e+01 2.192915221895953e+01
5.972900054233306e+01 2.420122078987156e+01
3.774718494384359e+01 4.149938312094225e+01
5.774321429262110e+01 6.347439151483304e+01
4.265379609010930e+01 4.624442987156202e+01
2.618024909539862e+01 3.471130804529238e+01
2.074702513808970e+01 4.059753000394068e+01
2.613463565953500e+01 2.073642388991171e+01
3.624499262652814e+01 3.556265294759437e+01
6.101770700659570e+01 4.802998284526561e+01
7.986642760796309e+01 8.765709840471251e+01
7.270478552252212e+01 5.426598013658420e+01
2.638598581720301e+01 1.185155057321961e+01
3.327546403694714e+01 4.250727369302264e+01
3.438674727295199e+01 3.052677772396270e+01
2.549821390671348e+01 3.287057347618759e+01
2.989930978272645e+01 3.377041906061500e+01
9.666287612239590e+01 9.566502247510154e+01
2.157773386846863e+01 2.616154561019834e+01
1.659988247710778e+01 1.613123046905753e+01
2.281383689130265e+01 4.193233027706602e+01
4.664293328620390e+01 7.320769298494461e+01
5.386619060370359e+01 7.595471615359011e+01
8.366292402656009e+01 7.555718434430472e+01
3.904749203740637e+01 4.182339931611460e+01
2.357350802358615e+01 5.178590559806271e+01
6.241815451977676e+01 4.990440683568115e+01
6.302478087432362e+01 6.833011726148510e+01
5.024858623810401e+01 4.881578046717595e+01
3.535352074974750e+01 4.533496781782109e+01
5.374917438461048e+01 5.604068307454622e+01
3.681330328627077e+01 3.708426060051024e+01
3.970340385786827e+01 2.984294980523835e+01
7.562619528947289e+01 6.509603713458617e+01
8.988154655627199e+01 9.328637206769693e+01
8.741945173889563e+01 8.916007557426393e+01
3.093234848989879e+01 1.107624353175677e+01
2.546308068079106e+01 1.930080221735890e+01
1.625143957351076e+01 2.220805105654757e+01
3.222316817855580e+01 7.551929445822722e+01
8.013470721063833e+01 8.348766932799894e+01
4.615842062454722e+01 2.558753339714598e+01
3.872692042722113e+01 4.242551127741946e+01
5.213340552170011e+01 4.649015647648819e+01
3.762062663444426e+01 2.779736436923763e+01
6.052057747662232e+01 4.475577203869484e+01
6.852353720588877e+01 6.880474853541821e+01
7.402307641382377e+01 5.639849424226234e+01
5.462265036117321e+01 2.399454364440237e+01
7.514585156364272e+01 2.692096934379489e+01
6.600302477710969e+01 4.224226203787297e+01
6.566920086611435e+01 7.723659957093085e+01
7.054306955927075e+01 5.720132438907581e+01
8.430544421277405e+01 5.479404193106619e+01
4.034219420222820e+01 6.609592597592280e+01
7.708147227013943e+01 8.236589254604537e+01
8.073986026420133e+01 8.570827814157624e+01
6.781609799916400e+01 5.971096698341744e+01
3.231550327480923e+01 5.191292428629712e+01
6.604651204298435e+01 6.392196771233550e+01
6.347625552853712e+01 7.256677898216991e+01
3.641193480209917e+01 3.637602911015874e+01
6.714346370354127e+01 7.326551427458068e+01
1.581120533284409e+01 2.026965316786793e+01
3.628886785187923e+01 4.142953793582269e+01
1.859883032196798e+01 2.402781050385621e+01
5.606353586817036e+01 6.820383449006363e+01
3.800614231809158e+01 4.743625085511240e+01
5.883913948070457e+01 3.821922047056913e+01
2.113935877942581e+01 5.250055858195655e+01
2.501008434462681e+01 3.110247952441020e+01
3.449573985972982e+01 5.763420067620387e+01
2.537495627395807e+01 2.005156561657161e+01
4.526223140728283e+01 2.953745348177282e+01
2.060932787416943e+01 1.509220382648151e+01
2.188529060102768e+01 3.376991104251713e+01
9.012506578276078e+00 1.509647002432899e+01
4.194449151582667e+01 3.887513635070395e+01
6.351983706283536e+01 6.334376866500838e+01
3.528556925493248e+01 5.148754101313374e+01
9.068223728003620e+00 5.782554923816306e+00
1.997400639680033e+01 1.693825023934997e+01
2.719577581775143e+01 4.425431820943723e+01
6.263983358345168e+01 6.538947536336521e+01
7.738673419905663e+01 3.503964643358714e+01
7.527631558171052e+01 5.833489156337468e+01
2.857504178579651e+01 2.895367982872482e+01
5.146972972108320e+01 4.376372562359444e+01
7.370250991694162e+01 6.804496849819903e+01
5.103882336590483e+01 3.510426394394700e+01
6.971692612663999e+01 4.443036674911339e+01
1.632100486550726e+01 1.277642150479003e+01
5.962041299332293e+01 3.379454845713789e+01
2.423308528888126e+01 2.478224949471349e+01
4.175027873120450e+01 3.884928194149199e+01
4.387765331175915e+01 4.420183938390745e+01
4.917256398378219e+01 5.859119390247286e+01
5.597261619794470e+01 2.488421441986722e+01
2.986101299572974e+01 5.895820752148242e+01
5.054482869282175e+01 7.171562705815981e+01
4.507353651890499e+01 3.218410524790097e+01
5.907177126677142e+01 6.109253106004392e+01
2.420369688485309e+01 5.366095090121688e+01
7.369529366077634e+01 6.487636345787737e+01
7.067272646035628e+00 1.308113349453975e+01
4.185065020380834e+01 5.042241398311537e+01
3.451025397913547e+01 5.425194910738703e+01
6.827419560954991e+01 4.663520379133877e+01
5.452913852167057e+01 6.215621805836953e+01
5.005453024468500e+01 3.342058890252030e+01
2.421560790480527e+01 2.573818077706030e+01
7.171991186744700e+01 4.288893241587341e+01
2.990702489068322e+01 1.369919484971791e+01
5.268041096111131e+01 6.473286669166143e+01
3.585163304801470e+01 1.582496521387652e+01
4.168822129067806e+01 7.116570010637739e+01
2.236346727915644e+01 3.683034943631957e+01
4.638751119317195e+01 7.725722150173551e+01
8.120664522592742e+01 7.221874008970755e+01
1.809203647450718e+01 1.034832882714302e+01
4.145978097688642e+01 6.281247381435112e+01
7.540403947107279e+01 2.471746655313583e+01
8.119241183403200e+01 6.995666026877412e+01
4.824738104288007e+01 3.433859633941940e+01
5.758293007033919e+01 5.893159880607091e+01
5.068292875243942e+01 6.361261060726029e+01
5.550397607048037e+01 6.813222775854931e+01
3.363424096381060e+01 3.471511098820453e+01
2.121359720095338e+01 4.397563229356112e+01
4.749825759519237e+01 7.899172898955761e+01
7.750968581969187e+01 8.227470521832754e+01
6.455341577582274e+01 8.472101741849903e+01
1.906116974597102e+01 2.703192197013088e+01
6.300329622150410e+01 6.681400967018544e+01
1.130974698561463e+01 1.779408227395226e+01
3.325267085973132e+01 2.800165374654123e+01
1.981487053936589e+01 4.300312329656110e+01
6.440130562560540e+01 4.407906176878249e+01
2.181567022396835e+01 2.389480758904384e+01
6.715984485019808e+01 7.139912011127061e+01
4.564075740491754e+01 6.931610168216821e+01
9.506811884848337e+01 9.495017701609974e+01
8.325045069404075e+01 7.648894577550544e+01
2.452557308498324e+01 1.811018022001038e+01
6.897434644713150e+01 5.199878685840935e+01
8.230856473537413e+01 7.549859564669511e+01
3.255145783446358e+01 4.861995874117101e+01
1.853301728808283e+01 1.464704231308814e+01
4.891279433589761e+01 2.498715736883359e+01
4.561842952665437e+01 6.295656624838914e+01
4.311086388274099e+01 2.931285790777004e+01
9.366738027167310e+01 9.053729111318890e+01
3.237256831396704e+01 4.134338767067938e+01
5.689972192596944e+01 5.324601172394085e+01
6.151882430891281e+01 7.687913039271849e+01
1.941226721024225e+01 4.864127988156476e+01
5.293026681526912e+01 7.556765682922232e+01
2.599469378817310e+01 3.822829822048269e+01
4.254783063471288e+01 3.086352927027829e+01
1.728032912996211e+01 2.364391428524281e+01
6.596226835205076e+01 3.324247925923570e+01
3.914457725573428e+01 2.660886361319170e+01
6.789216217628659e+01 6.743326826690971e+01
6.003482818882105e+01 5.386403797562989e+01
4.474411311132004e+01 5.921540025302084e+01
4.792422466814740e+01 3.173351532860331e+01
2.359888027966411e+01 2.359935605689413e+01
7.560089834476661e+01 7.621168358359300e+01
5.451007196737839e+01 4.405958466107089e+01
8.025929711387026e+01 7.078638877674739e+01
5.912480916632121e+01 7.760963382243138e+01
2.955466683322571e+01 5.716349340056907e+01
4.016698762155963e+01 7.293705838098485e+01
7.566921408961628e+01 6.834700253305681e+01
2.104231991951013e+01 4.048385425395961e+01
7.170577402013973e+01 7.385693191091039e+01
8.219191461331926e+01 9.406918135767140e+01
6.795952338309536e+01 8.318771755326370e+01
2.319091090141172e+01 6.051814734968470e+01
7.798026585092845e+01 8.173489686015691e+01
3.345520019200658e+01 4.116901132358407e+01
5.996562199926851e+01 1.900024716434426e+01
6.256653690664895e+01 7.691116808935097e+01
3.969230574575729e+01 3.866169538252232e+01
6.328302803199801e+01 6.882952211306952e+01
7.030175242501642e+01 5.858475988284658e+01
4.948047545783376e+01 6.041965781195873e+01
3.287505034322003e+01 6.409603588177322e+01
1.928525698938678e+01 4.950001818900902e+01
5.540013153998969e+01 5.868891022862499e+01
3.734924384575068e+01 5.832096807274780e+01
2.279576662385742e+01 6.363721216007834e+01
6.105550915524184e+01 5.861746379569026e+01
4.971034584490995e+01 5.333217939579563e+01
3.410900635905615e+01 3.199228349165070e+01
5.232277844822709e+01 6.123754073775644e+01
4.162427761650651e+01 3.343177718752806e+01
6.860952437831908e+01 8.114424271055320e+01
2.981578952711835e+01 7.545004727162645e+00
5.006686760805481e+01 4.439409021268710e+01
8.156398793144389e+01 5.032937744792936e+01
9.448884390318595e+01 9.485696483814600e+01
8.448555727786913e+01 4.950544125754371e+01
3.345655043993894e+01 5.184442596372445e+01
5.656203061935098e+01 4.912403298213825e+01
9.031328676433213e+01 7.558223169406756e+01
5.274433775292749e+01 7.208180342606515e+01
6.104873336116126e+01 6.455431147543578e+01
4.768738808902829e+01 5.467693729575075e+01
9.258765260883615e+01 8.292820076054693e+01
2.945543965056623e+01 7.672177409377667e+01
4.941873458655039e+01 6.107537666383438e+01
3.014055442525589e+01 3.776410906483121e+01
5.323672271642205e+01 7.801474250137105e+01
6.528273654146977e+01 7.674242794631365e+01
6.381453319960536e+01 6.772610791057116e+01
5.562618774840667e+01 5.871456280539721e+01
6.057291486430571e+01 5.524024396809774e+01
3.638862325299390e+01 7.955438215607126e+01
1.151478348388528e+01 6.667227007578080e+00
1.884924620397836e+01 2.143692529765729e+01
8.196609465334950e+01 8.376365895720267e+01
5.544255513476116e+01 2.962311102535001e+01
6.516014427790452e+01 5.479686501521445e+01
4.244523347826662e+01 4.560741882674997e+01
6.896264732305691e+01 7.413513683436535e+01
6.047107759813731e+01 6.559810759831694e+01
3.017218638398660e+01 2.917536458714310e+01
1.871861434311408e+01 3.069482093414184e+01
5.997805603421676e+01 5.154795811475150e+01
8.103303171326498e+01 8.914476475588783e+01
3.840867086333428e+01 4.404949362484447e+01
2.301098040010290e+01 1.205547479977691e+01
2.566070618699414e+01 3.843449462735692e+01
7.695953120044294e+01 6.751997290820930e+01
2.991106976815370e+01 6.993368932909681e+01
6.559338944885823e+01 6.936546418659393e+01
9.639381153650834e+01 9.440968639578583e+01
2.663885004904558e+01 3.753576361682510e+01
3.590285886892456e+01 4.522097927688461e+01
5.993144533590425e+01 7.303096376038258e+01
6.504697714206000e+01 3.307014626158098e+01
3.296337197837221e+01 4.868893570972448e+01
7.485969836225948e+01 7.667006362432855e+01
6.837777879483166e+01 7.666163928647400e+01
2.347549299535267e+01 3.935122039474933e+01
2.198907349044179e+01 2.626032004731492e+01
4.221431501871168e+01 4.021460067863799e+01
2.039419232348002e+01 2.659786144185419e+01
2.172143518244398e+01 4.981829640741898e+01
7.236136957849530e+01 7.952304046376659e+01
3.588466389651177e+01 2.397492557211062e+01
2.727108258700457e+01 1.758957562316712e+01
7.455928077980599e+01 5.292042300394067e+01
1.793034629457202e+01 2.370286712938100e+01
1.924673165000100e+01 6.458324812725596e+01
9.428777143990003e+01 9.348376920177823e+01
5.577863195658078e+01 7.192464694061121e+01
6.549896312094725e+01 7.055616456683066e+01
7.354368466238516e+01 6.273948508787093e+01
7.363019947215010e+01 7.293558268861158e+01
6.261414588701312e+01 2.367429661585079e+01
7.437863419312220e+01 7.874704620932326e+01
2.988802835856520e+01 2.131505514505507e+01
3.864154591123355e+01 4.857913158340631e+01
7.702401055713763e+01 4.125528654244114e+01
8.984843039231941e+01 7.829380720023534e+01
6.643613524992548e+01 7.284020919061498e+01
7.746340694462110e+01 8.325277032739142e+01
3.990927845639339e+01 2.931721018657228e+01
5.902329728498191e+01 4.232775216494201e+01
9.532659766177125e+01 9.593926006608507e+01
7.752394853202800e+01 5.297419569900929e+01
4.157234929376969e+01 3.677521113354378e+01
4.632466613323248e+01 4.017449317794434e+01
8.760622738737037e+01 7.885768324561245e+01
4.899850253000865e+01 6.884490757163763e+01
6.207446954241150e+01 5.504183169291986e+01
3.725646061484301e+01 4.559785832191022e+01
2.234069602883746e+01 5.270708872386292e+01
8.280108136907953e+01 6.668338695199634e+01
5.037426528010589e+01 4.310157486444074e+01
6.358446414020662e+01 3.858571345649383e+01
5.410445240588160e+01 7.602576366835518e+01
1.339245672156912e+01 3.961540499557297e+01
7.469181448472368e+01 8.038041596751593e+01
8.959426176698241e+01 8.837254079000115e+01
8.705526082685304e+01 9.285031095233919e+01
6.082657635347671e+01 5.381599568376684e+01
4.720804050501422e+01 6.061016445475562e+01
3.424662915307545e+01 3.192992064209046e+01
7.576535515285509e+01 4.486397357888540e+01
7.782916453598040e+01 7.702159722164802e+01
6.334795600396249e+01 4.310999771287901e+01
1.703912244063477e+01 1.913145227294302e+01
5.719003414166194e+01 6.431003090633048e+01
6.444742590861514e+01 5.401888090373190e+01
4.747349624294554e+01 2.250724368489614e+01
6.163821588545504e+01 5.293657519326838e+01
6.435109141914494e+01 4.570023401476649e+01
4.544751303032680e+01 2.647579400661848e+01
4.514181733667705e+01 4.282245981341572e+01
3.441410161222927e+01 2.793007944220276e+01
4.081840170069302e+01 4.808683828412164e+01
3.604743499993985e+01 4.372297253695162e+01
7.226001968803195e+01 6.976513637128215e+01
4.735451809834671e+01 4.953611307859934e+01
7.176097577664932e+01 6.052713365639077e+01
1.477345893797919e+01 3.172127849086420e+01
7.176589160991381e+01 7.029830884450763e+01
2.914167116573588e+01 5.305175682454487e+01
7.480047053798252e+01 7.647366612602532e+01
2.320229924123770e+01 3.213472191187378e+01
6.659900484696580e+01 3.241234380615855e+01
7.516064442136266e+01 7.764717009141532e+01
6.765780129003062e+01 4.078935914601811e+01
8.501862908138757e+01 8.567612988084444e+01
4.781819856266451e+01 7.448905060634395e+01
5.976979873661195e+01 6.137309893500884e+01
5.223691151473464e+01 7.480241257097748e+01
5.713720264413861e+01 3.616429479911525e+01
4.948751402026617e+01 9.157389118446460e+01
9.348179684775145e+01 9.556381663905522e+01
5.648501894818097e+01 3.834544645931651e+01
4.063194575977751e+01 4.377490332297130e+01
1.380782353319046e+01 3.478026157086342e+01
2.852289255573355e+01 2.689236015934335e+01
6.542596504308673e+01 6.051642188862619e+01
8.577848714663887e+00 1.825330633533775e+01
6.801029334610425e+01 8.390430854422624e+01
6.952899617673097e+01 6.078792278605169e+01
3.197748460586509e+01 4.276180406076474e+01
4.754207395713878e+01 4.162987376293623e+01
3.412415249046450e+01 3.305125720428508e+01
7.046619623092181e+01 6.140315331947313e+01
4.658861754681247e+01 6.066443498364993e+01
8.700844398963554e+01 9.231807094703444e+01
7.278988485546425e+01 7.286669489869116e+01
8.424870465126642e+01 8.806327752235148e+01
2.622936390821010e+01 2.614351690842319e+01
6.353334112438757e+01 7.158088249512295e+01
6.226767405347618e+01 3.850312301513592e+01
9.228762793693191e+00 1.248782283206920e+01
3.811685207949758e+01 3.065056736339422e+01
1.897443033000355e+01 2.896112039877926e+01
4.186738389432672e+01 3.686593132146081e+01
3.764512847325017e+01 3.032639252245779e+01
6.432662162040387e+01 3.744806197512620e+01
1.323387073123067e+01 1.654283703989956e+01
4.612014132273980e+01 6.083674839368278e+01
5.667491896158001e+01 7.173812655112468e+01
8.025390971525484e+01 7.874175298838763e+01
9.097377838247060e+01 8.496853555683550e+01
9.844522214397045e+01 9.707408771739119e+01
6.614177011648101e+01 5.559150564801658e+01
6.373237425034324e+01 7.777768601229494e+01
5.528303959917231e+01 3.025614243679688e+01
6.731819317166367e+01 6.520272571755012e+01
6.038920418114887e+01 4.747727853856797e+01
6.959436680491670e+01 7.421465527142230e+01
1.691127215800696e+01 2.210252714008846e+01
4.989971587412077e+01 6.658980494223960e+01
2.581499108979563e+01 4.483560171539372e+01
2.146427762187625e+01 1.999269273706963e+01
6.076099072674553e+01 4.763477490582974e+01
7.303442127577519e+01 7.920339881506156e+01
7.407667960880912e+01 6.029564015395925e+01
3.956022498610925e+01 4.471710325004843e+01
8.166505891311353e+01 1.736953387510342e+01
8.111994681438034e+01 7.198621073858564e+01
4.459720725445402e+01 5.259429634166162e+01
7.907472385565087e+01 8.809437068041568e+01
7.815571121834901e+01 3.527692741445172e+01
