7.451361652012402e+00 1.230439884435612e+01
2.507011515274607e+01 3.903819062752142e+01
7.571360604939115e+01 7.912238428027119e+01
5.954368818201257e+01 3.614166215211269e+01
5.948392947384314e+01 3.282154436616324e+01
7.233825782524605e+01 7.140637079217504e+01
3.730517169175699e+01 5.341973067114328e+01
4.038473654372866e+01 9.881050649015442e+00
5.761576787611521e+01 6.032109099301311e+01
2.559717490188679e+01 4.257960418769107e+01
4.859471820972978e+01 6.971618672076070e+01
2.000370838316911e+01 2.681311196396157e+01
4.063639399771354e+01 4.728892639472623e+01
4.170651170022510e+01 4.225461328989223e+01
3.554849800914388e+01 3.086063758507935e+01
4.711467596408073e+01 3.480450430337208e+01
5.008184905520803e+01 7.039524871521331e+01
2.794981440198627e+01 2.233399774757372e+01
8.336676579211588e+01 9.076505054203663e+01
8.532056650999802e+01 8.730313487085819e+01
1.751058329444092e+01 2.024810483958797e+01
5.964599707017408e+01 7.597510784806980e+01
1.890744239991599e+01 1.936597151632977e+01
8.609602192585491e+01 9.196724315846355e+01
1.772684297767351e+01 2.079970404194158e+01
6.552036568311719e+01 5.930700293246325e+01
3.489906676087883e+01 4.879343178320904e+01
4.468347985754647e+01 3.942298640231046e+01
5.810864396750906e+01 7.546486538178007e+01
1.546240149339617e+01 2.633540624562593e+01
2.827291792532615e+01 1.402155888099712e+01
2.677008926887415e+01 6.702748031047642e+01
3.080502917399172e+01 7.561011620755539e+01
2.732587594410133e+01 3.005262874073551e+01
2.967602067201775e+01 5.007102948095602e+01
7.279343771400139e+01 7.143090356686147e+01
2.008954318433858e+01 2.175003311488900e+01
3.766595381349126e+01 1.608320616788857e+01
5.902771957829416e+01 5.021687216876467e+01
5.445035887749062e+01 3.786328340655701e+01
5.543863018241864e+01 4.911060958182717e+01
6.917683310254603e+01 6.875638888673416e+01
3.414033644468901e+01 3.611369543618798e+01
5.226947848513455e+01 5.879080415458699e+01
6.011695401024036e+01 3.409734707775298e+01
6.892420538133806e+01 7.425030648492157e+01
7.150196584657570e+01 4.033133008352363e+01
1.989618669295275e+01 4.876428413576877e+01
7.350468451356421e+01 4.079416173976886e+01
5.192993755298151e+01 7.389256525278724e+01
5.953412936466189e+01 3.492824290224086e+01
6.239387978416946e+01 6.644216922905966e+01
7.871333818254351e+01 6.100849477258308e+01
2.222398107797445e+01 1.329758706368042e+01
4.284375151305212e+01 5.011620433056041e+01
8.995451257405038e+01 7.311322379227921e+01
7.956362615101409e+01 6.553581315568252e+01
8.986495746380039e+01 6.641596885144430e+01
3.397363379890908e+01 2.267391207178596e+01
2.714789483683790e+01 4.534587307496031e+01
4.635923284661078e+01 5.472283057363748e+01
6.754288390603276e+01 7.287773560427732e+01
3.050086221684208e+00 4.859119291348508e+00
2.077871831501105e+01 6.126799042064808e+01
6.336940864312574e+01 6.211873152337304e+01
3.840352219074171e+01 3.821600645147105e+01
3.534054791013164e+01 3.042488084984812e+01
6.154732484247157e+01 8.292604548256915e+01
6.733490959965485e+01 4.858694281946163e+01
4.139238279178970e+01 4.769745436122867e+01
2.701542826638522e+01 5.609124304602268e+01
7.800568359970779e+01 8.243222515052355e+01
2.735816037017239e+01 5.344041923363309e+01
5.215515208549026e+01 5.374108806408607e+01
4.327009260449171e+01 4.172229332355815e+01
7.536448690002935e+01 7.702078968037945e+01
5.670076796947614e+01 7.400445252992822e+01
3.695451752066126e+01 7.592509366456886e+01
4.991709083316993e+01 3.217208230035661e+01
7.211478823954911e+01 6.516819555026879e+01
7.255258458083490e+01 5.886446997706649e+01
3.608936342149482e+01 1.994824690821029e+01
5.994853997608130e+00 8.589806539273713e+00
5.493150900394318e+01 5.683454552051714e+00
2.493958281634110e+01 3.115290960765360e+01
1.424286896337187e+01 2.085005954636499e+01
7.428773080999254e+01 5.922055541166269e+01
9.375483580215098e+01 9.213686780065649e+01
1.721169725915661e+01 2.538371608789553e+01
3.397977843755422e+01 2.309274091374216e+01
3.600848196390642e+01 3.680435948354233e+01
6.292013583035351e+01 7.282087915116827e+01
2.259029626778459e+01 1.290592057488551e+01
9.297895160777925e+00 2.764621908699869e+01
3.644537627870488e+01 3.046025743856086e+01
4.193279414309227e+01 6.518875014497002e+01
5.324473648701419e+01 8.733104988590063e+01
8.512352106131624e+01 3.598543828434717e+01
6.997460062527279e+01 6.542448253244871e+01
5.665212555311923e+01 3.311697549186770e+01
7.754406547548712e+01 8.796905579858608e+01
2.183641494871461e+01 1.205077557851552e+01
1.557805174439779e+01 1.528884947396572e+01
6.840727745307497e+01 4.576792068756076e+01
5.839690031609008e+01 6.771759009148226e+01
4.924530581792256e+01 6.068395824412875e+01
1.443768634632827e+01 1.340615241050302e+01
6.975299518956005e+01 5.634845516527937e+01
3.167591194105104e+01 1.348584495310984e+01
5.086085574686620e+01 7.601117621510758e+01
6.114790878914486e+01 4.245670804265912e+01
7.688847815050052e+01 7.407256369625956e+01
3.451593719729772e+01 3.262077148097794e+01
3.953041973343563e+01 3.077307734367157e+01
5.294248493144876e+01 4.680639711440368e+01
3.488385776447871e+00 1.909361142187585e+01
9.112413177241926e+01 9.061482602836161e+01
2.306600524200259e+01 1.343188591050685e+01
4.210070709517687e+01 3.191560153751001e+01
3.294139643819864e+01 4.901612018637383e+01
1.687634564678724e+01 1.671625139150817e+01
6.314226785885680e+01 4.954346897460277e+01
7.858362936425385e+01 3.853391034383782e+01
5.734121248846041e+01 7.410774797014278e+01
5.129353576547986e+01 3.942604525305723e+01
2.118561613000143e+01 7.755721271352829e+01
6.244354022263737e+01 6.745662930354294e+01
4.590629902387556e+01 4.345022970595649e+01
2.702091374807086e+01 2.901412431524809e+01
8.360269190067189e+01 8.367616067724487e+01
5.144557360397261e+01 3.978686147123614e+01
7.740169621540244e+01 6.647949134644165e+01
7.461385594219436e+01 7.736730859702971e+01
6.145608157350131e+01 2.822746762094805e+01
8.813738192282079e+01 7.501700590661073e+01
7.395611349094864e+01 5.698489762819216e+01
4.821062216931874e+01 2.903207103196737e+01
2.682133354369628e+01 5.703315859716983e+01
2.594583480417056e+00 1.719618871224879e+00
5.701407484370048e+01 3.678940835460487e+01
4.941441451140923e+01 3.647709844966712e+01
5.574494250339703e+01 5.002339180606559e+01
7.121877543115377e+01 6.127659262321356e+01
2.928411983798827e+01 3.394917685775137e+01
6.590776300145944e+01 5.810894966224356e+01
4.651727005598201e+01 5.574270999405466e+01
3.090496867758676e+01 2.177043383736425e+01
1.813748189673313e+01 2.384359042758618e+01
5.200958182356759e+01 2.830523931183173e+01
5.534144733861191e+01 3.626945990849692e+01
2.157373788761486e+01 1.972559019988791e+01
7.223767872128305e+01 4.791729035634644e+01
6.698091164528586e+01 7.501499683391850e+01
4.904983878775482e+01 2.463708372784188e+01
7.595951078973226e+01 8.128667330658837e+01
9.669972083332587e+01 9.640329733368512e+01
8.430611250564452e+01 5.779778138258679e+01
6.397029387447479e+01 8.445151783303946e+01
1.516125484776244e+01 1.318068451230012e+01
6.740257630771512e+01 7.546336482696958e+01
1.157543337112825e+01 5.889834339941776e+00
5.479645505373539e+01 3.971389499411296e+01
1.728172964529596e+01 2.029273454805116e+01
3.347442038021535e+01 2.866065458829732e+01
2.147210936728791e+01 3.900152114506588e+01
3.316565081617172e+01 5.148427918629875e+01
4.882702941118862e+01 4.209284966344816e+01
4.735064478550869e+01 5.344404173160825e+01
2.669578793385035e+01 4.783115625200216e+01
4.253980731368602e+00 3.881977474603246e+00
6.271450322070458e+01 6.139842931423640e+01
8.163440124122704e+01 7.624763267956490e+01
2.465806715374433e+01 3.403731074870727e+01
2.523322968602820e+01 3.352607266129254e+01
9.519106088529369e+00 1.025090764792447e+01
3.131881928142882e+01 5.654167072210692e+01
5.775625498296650e+01 6.857585044609989e+01
6.490701166385077e+01 6.363869516173420e+01
9.140635220528229e+01 8.648110599895706e+01
5.833885430337892e+01 6.082832843978260e+01
7.513150756954575e+01 2.594789087115399e+01
7.447569562424557e+01 7.160688495244368e+01
5.340622760590492e+01 5.168402237819658e+01
3.295635462645820e+01 4.561829176757788e+01
5.928762117335562e+01 6.038311064293187e+01
3.510336741204431e+01 4.564700972924434e+01
6.052644910703977e+01 3.357823098322031e+01
7.918848512117621e+01 7.733518828121315e+01
2.022602177906567e+01 6.184647839862719e+01
6.242195856538748e+01 2.815561448003837e+01
6.699900853920046e+01 8.477914015838540e+01
2.266332611192079e+01 3.324228586687907e+01
3.147021877287710e+01 3.510958997199481e+01
7.543027302486549e+01 7.266897697142564e+01
5.001120096614494e+01 5.355813834440490e+01
3.562895194172223e+01 2.445831343990793e+01
7.347782414936822e+01 9.031741303038200e+01
2.411729973426902e+01 4.607763176641308e+01
3.419416277453193e+01 4.567463992373607e+01
7.678192335393698e+00 1.073604357985656e+01
4.161138953464978e+01 5.333207477756066e+01
1.117504612120934e+01 1.119146463993175e+01
7.666183547852457e+01 8.170164457641808e+01
7.848205797258267e+01 8.163308883207192e+01
2.568725477503374e+01 4.174578114228237e+01
6.591422942836256e+01 4.713577523134695e+01
6.831117106816799e+01 5.909096104222381e+01
3.903903794848721e+01 6.185840208682684e+01
5.876120580814410e+01 6.530092051919085e+01
3.579847906733421e+01 3.277809542985915e+01
4.566915683659327e+01 3.622585598256605e+01
6.368066951576102e+01 4.388026014378856e+01
4.729011232088870e+01 2.726100350420889e+01
4.498873668217716e+01 6.079744204722017e+01
2.872444004599748e+01 5.011714519099594e+01
8.081288954131483e+01 7.455959651515292e+01
5.292816725809610e+01 4.838363453556852e+01
4.156378710247773e+01 4.451599420726092e+01
4.695050107817164e+01 3.103986636139937e+01
5.675559237334131e+01 5.839320978189111e+01
9.253200010352552e+01 9.121291737290545e+01
7.680019499721577e+01 7.558398495086091e+01
4.254753345591499e+01 5.123823244798714e+01
3.810062429118349e+01 8.779022683481813e+01
7.677839190242346e+01 6.533312090296369e+01
8.628366295555195e+01 8.808882273164640e+01
5.781744247345079e+01 3.645620770443110e+01
3.027795845891358e+01 6.726389225209209e+01
7.719215375101656e+01 1.797251839235179e+01
6.736156316915111e+01 7.336408944393253e+01
6.817679405824347e+01 3.671040990936838e+01
7.839493542858469e+01 7.480439424249241e+01
4.301250698946052e+01 6.319426958768378e+01
1.317218917620722e+01 1.211274385499644e+01
6.867608849399292e+01 4.870593569610795e+01
2.684447165176700e+01 3.168512827118877e+01
6.481311504388637e+01 4.285813494351808e+01
4.769629129512859e+01 4.620556173257924e+01
6.308018143984356e+01 6.783317806011820e+01
6.459419062125242e+01 4.991472670788615e+01
6.257507309970244e+01 6.559314018774430e+01
8.520273569546809e+01 7.850409377963432e+01
4.620089968875808e+01 6.120970915207376e+01
5.960473281121929e+01 7.090985368704986e+01
5.970011260342272e+01 6.618890400337057e+01
4.406418525355685e+01 8.272896200992963e+01
5.552698466005834e+01 3.989241831712298e+01
5.516930207406491e+00 8.404660367574031e+00
7.014883667959533e+01 6.498501037223276e+01
8.445450141204128e+01 8.397593381166405e+01
2.180391378073627e+01 1.189424694849419e+01
6.821388253064006e+01 7.826107328074636e+01
4.970844121997170e+01 6.063107723504359e+01
5.890960034926268e+01 3.110518615215928e+01
4.326363080428438e+01 6.395152453421866e+01
1.377735874804424e+01 1.921177963210939e+01
5.876581753845032e+01 5.674089970548314e+01
8.487337981048248e+01 8.459666882453746e+01
8.142043295271300e+01 6.559349655545431e+01
5.711562029594095e+01 6.422900636234996e+01
4.222077198916999e+01 2.469291086971513e+01
3.453524871469774e+01 6.801140625407932e+01
8.520954370768372e+00 3.779091777733186e+01
4.620442136518389e+01 6.940496711459716e+01
8.760448876715682e+01 8.313702030660238e+01
2.315985266348822e+01 2.607732655681064e+01
4.924540302256055e+01 4.105752970100584e+01
3.323148383204511e+01 2.361522644234516e+01
5.576259823438757e+01 2.395046707306621e+01
4.551195780831216e+01 2.315319473242801e+01
1.168367148635859e+01 7.644297393862645e+00
6.390194212963076e+01 6.761116871269829e+01
4.797361699615367e+01 6.089301112769719e+01
2.074343336495754e+01 3.908150191661018e+01
4.121195168158723e+01 4.522712349335867e+01
5.522214137753835e+00 4.181094164085820e+00
3.764678672720927e+01 2.435167388318716e+01
7.166497819013021e+01 6.440254060481034e+01
4.801175775228349e+01 5.246880832859991e+01
5.507150162896861e+01 4.359869113175885e+01
8.456978537557679e+01 8.476401700657475e+01
7.357738132873018e+01 7.269658417448653e+01
3.842558853767157e+01 6.095312850081957e+01
4.485468531364683e+01 3.432741306346831e+01
8.132094388063837e+01 8.877367481891906e+01
3.785518944455251e+01 5.734808648521292e+01
6.246670477497670e+01 6.064156413748968e+01
5.515262561384800e+01 5.462824434962885e+01
2.856122067304150e+01 2.718875501000965e+01
2.782463098339016e+01 4.336353778965940e+01
6.028537599525979e+01 6.317900980827969e+01
7.001812569595893e+01 6.503474416182024e+01
8.774140537485786e+01 6.131189696211680e+01
3.400948181368376e+01 2.670786734152496e+01
6.044388841834460e+01 4.442919758378596e+01
7.116993123075140e+01 6.764096458977450e+01
6.340153111194268e+01 6.775515936785214e+01
2.990212211031852e+01 5.324660717078505e+01
4.917007405081372e+01 4.916182328167385e+01
1.007886043508310e+01 7.830636782149961e+00
6.379788391972695e+01 6.613781719250599e+01
4.132621010245695e+01 7.467046039512286e+01
2.791434322051078e+01 4.814366035412599e+01
5.806513417307466e+01 8.517282609251987e+01
1.985157569657802e+01 7.953019222416494e+00
8.174181466107856e+01 6.711845873219306e+01
8.229388497033391e+01 5.600020337575539e+01
6.232718719849550e+01 7.565212254569647e+01
2.664441137441622e+01 6.986318517446684e+01
8.316969438877682e+01 9.154152062984913e+01
2.217909454133116e+01 4.083886961828136e+01
5.236784253959148e+01 4.409675838502734e+01
8.102832185718242e+01 8.267525497382664e+01
6.902410991831927e+01 7.010090317194339e+01
8.500716058404510e+01 9.736559263673880e+01
7.433759300531247e+01 8.977105550166263e+01
3.566629685173115e+01 5.398015022084112e+01
1.401451787602365e+01 1.513688473766061e+01
4.292751533592980e+01 6.871331910531146e+01
6.681405359907278e+01 5.404365624312935e+01
8.881363036042396e+01 6.415404702277897e+01
6.848748713895122e+01 6.132295769932791e+01
9.402792085402245e+01 9.167482079763491e+01
8.471192855470321e+01 8.914151024636067e+01
7.344028945584247e+01 4.826083183795802e+01
5.710771131418574e+01 7.669321541296435e+01
4.112140520029811e+01 3.928029925095819e+01
3.986439746399094e+01 5.097708012887662e+01
6.193265730216336e+01 6.314104920788208e+01
8.869100223945667e+01 8.877070049918125e+01
2.682469581370416e+01 4.104588965203933e+01
3.116451012154069e+01 5.953046204836844e+01
1.039261918485684e+01 5.897806099112744e+00
3.939602067927163e+01 1.748767874756736e+01
7.736573333374263e+01 7.325520622584973e+01
8.207451400129623e+00 1.055956564156057e+01
6.698089340777865e+01 1.478284060029689e+01
1.626877179139080e+01 1.885554643351069e+01
2.645723851123226e+01 7.216930283443975e+01
4.397790684475601e+01 4.875736244505013e+01
6.146215447842405e+01 5.002084150827368e+01
4.138467637918981e+01 5.148952393363800e+01
1.092782443028310e+01 2.027378378387249e+01
2.581712457095827e+01 2.366560147841033e+01
5.792549849895141e+01 3.590270758843118e+01
5.152900079979462e+01 1.917233460366887e+01
2.639610859693821e+01 1.797598063089654e+01
4.637659476850457e+01 2.868277065445364e+01
2.064078818548155e+01 7.169292642575156e+00
3.382615300875549e+01 2.887753141189705e+01
5.726937449410450e+01 7.338537996326437e+01
4.057516546227970e+01 6.602142958969648e+01
1.716871309106644e+01 2.111308137793703e+01
7.191653773747694e+01 8.974684758561511e+01
6.101530551103643e+01 7.714055244600438e+01
3.714238172258914e+01 6.920756227770620e+01
5.005558922272905e+01 5.907036106209749e+01
7.155418659713584e+01 6.164999085940150e+01
4.032088193680292e+01 5.522392120367007e+01
5.613403375047279e+01 4.688665314000111e+01
1.581954836838224e+01 1.578286559868440e+01
5.697426118353533e+01 7.760002053624535e+01
7.946224166477063e+01 7.700569892672294e+01
1.915645911888614e+01 1.865883997009454e+01
2.371652221482812e+01 3.440768565719578e+01
4.644526327565080e+01 5.427900100555702e+01
3.149464550450428e+01 5.477376546048967e+01
4.453515272347629e+01 4.135062040343777e+01
4.159367108462963e+01 4.132061594556168e+01
7.613540749372771e+01 8.473069436581301e+01
6.726297092027639e+01 5.880147328547734e+01
6.493612101728783e+01 8.006090028016934e+01
6.025434132833774e+01 7.487008995912436e+01
2.776672581652067e+01 2.484707287658761e+01
3.706369524036656e+01 4.544526218407150e+01
5.365996695027464e+01 7.628753518313738e+01
2.776512333395027e+01 1.581310764849967e+01
7.010692183086191e+01 4.329630111810428e+01
3.936919532550758e+01 5.430500898381166e+01
1.454187324393003e+01 2.035383476515638e+01
3.888662427949743e+01 5.846493944116452e+01
8.231373857513449e+01 8.844385006227969e+01
4.890739604992135e+01 3.248692499377226e+01
6.016369862989642e+01 5.835614819434344e+01
7.350059043306001e+01 7.310626901372578e+01
6.176427658484909e+01 6.953712046835045e+01
1.867391250685795e+01 3.507825085012803e+01
8.987702672488312e+01 9.187045901045296e+01
2.066619552888067e+01 5.822616150334962e+01
2.067837179812834e+01 2.708673022874637e+01
6.785284770810046e+01 3.688253130826885e+01
3.559251933111894e+01 7.279180528301862e+01
3.867091465921907e+01 1.875197127160916e+01
6.353351073593915e+01 7.905846132763205e+01
1.348282886432790e+01 3.274000949752343e+01
6.136884910782018e+01 6.467013278529781e+01
5.649391906794713e+01 3.953126519274587e+01
2.270254353695574e+01 2.228338375285519e+01
2.083996907912626e+01 5.038555127055210e+01
8.343012709068407e+01 7.897501787384940e+01
6.335577566198670e+01 2.464555508807699e+01
4.059339196282979e+01 3.932457450911699e+01
3.098103783735390e+01 6.733759634407789e+01
4.250085811443431e+01 4.339610015003997e+01
8.291999536517970e+01 6.285856473577179e+01
3.186219845369277e+01 4.419723619121282e+01
4.309937931325965e+01 3.424578661246719e+01
7.214140379078077e+01 8.172999130068555e+01
5.268257672752392e+01 6.196811444023051e+01
6.681846120802815e+01 7.651302181862700e+01
5.264847192423097e+01 5.034686897579686e+01
2.501491909994149e+01 3.913697644182700e+01
6.398314459826887e+01 6.500168878425980e+01
5.528600417967179e+01 4.225939044656258e+01
7.083675637908370e+01 6.805999229543600e+01
8.248706419274950e+01 7.670479139021410e+01
3.921967842039989e+01 2.704933489609593e+01
2.819571326305445e+01 3.368607702933978e+01
4.824043458290923e+01 4.046107206935540e+01
5.739872053745253e+01 3.567366270477477e+01
4.358599003391901e+01 4.938470353988868e+01
9.835660524485602e+00 1.916923266155317e+01
2.749830811667973e+01 5.457582401756138e+01
4.695664498215042e+01 5.944015665086337e+01
7.274961449559422e+01 6.135878563230673e+01
9.113578782999215e+01 7.040539213876968e+01
5.942444978154751e+01 6.207371853488857e+01
2.971052869809959e+01 3.935701703488078e+01
3.546079684377343e+01 4.075039383450417e+01
3.177622138207541e+01 2.929717043779720e+01
1.265482764460372e+01 1.294602537087910e+01
4.834428058985115e+01 2.992455211339504e+01
6.837513527701124e+01 7.455947282992538e+01
1.430328066546177e+01 2.106357984875009e+01
1.123346904230761e+01 2.366516616019831e+01
7.311167362951063e+01 8.058147437703157e+01
1.466658203915758e+01 1.627962339194715e+01
2.856718605735508e+01 2.878814476067746e+01
6.752892294662215e+01 8.059934626948333e+01
2.714870733087277e+01 5.874668607884477e+01
6.346129996891761e+01 2.662143424433156e+01
4.966738130551570e+01 2.387667935386682e+01
5.975631869628820e+01 5.246768381785062e+01
6.967448362776341e+01 3.408388683120383e+01
2.951178365652628e+01 3.391701459778704e+01
7.923457038083582e+00 1.468600318659770e+01
4.853995991258821e+01 5.981174270691957e+01
6.462521003478381e+01 3.850085283856016e+01
7.804289232799429e+01 3.164497827770909e+01
3.767954174863068e+00 6.401674511487530e+00
4.721700062840584e+01 5.876299191679468e+01
7.989278665953441e+01 6.588547206543180e+01
8.113664803797542e+01 7.431801396439374e+01
5.256591447676339e+01 7.332901318784761e+01
1.951143211849509e+01 1.849771426733534e+01
2.291001297293644e+01 4.399811524528044e+01
5.291950127185576e+01 5.759690090496604e+01
6.772140216324217e+01 1.941511175685662e+01
2.952145428505715e+01 5.879886729921240e+01
3.440234835705164e+01 3.613592056602715e+01
3.577613443246181e+01 4.175408058574829e+01
2.816834279174578e+01 7.334879080997052e+01
3.809870699254832e+01 4.091304065779362e+01
4.888189302754066e+01 4.027978988794280e+01
2.914374680191280e+01 2.488974465777792e+01
6.901189407746622e+01 6.131141608648772e+01
7.209549589638335e+01 7.632268411874951e+01
2.674242044070397e+01 4.868704777726752e+01
8.064220376989522e+01 6.959299832382297e+01
3.286618626681420e+01 7.343051984263167e+01
7.542546269978052e+01 6.259865213530676e+01
7.922346178768038e+01 7.551944052229936e+01
2.918825385208997e+01 2.053241035374089e+01
8.199573859610686e+01 8.699535649650224e+01
6.875993611919412e+01 5.719209610133343e+01
4.158184370965164e+01 7.238736264118955e+01
7.065884866224542e+01 6.071888708635188e+01
2.159733041026745e+01 2.257427147015423e+01
2.115802436252773e+00 2.403572141317643e+00
7.492105622032604e+01 2.040544667806833e+01
4.383385837200127e+01 7.283138164041779e+01
7.072507063288919e+01 8.762636215918553e+01
6.100750894399599e+01 7.044045849191158e+01
1.953110125984047e+01 2.146560189223712e+01
5.941920673720949e+01 7.655725888474271e+01
4.656249123961263e+01 5.005455759791921e+01
4.167148465536266e+00 3.930139737003421e+00
5.222261635261643e+01 4.728015946526154e+01
7.694472384897831e+01 7.896307077740845e+01
3.576065102724711e+01 4.149819866493870e+01
4.065882611344762e+01 4.096970751701127e+01
5.719084076631614e+01 7.183605663850494e+01
2.180093618459360e+01 2.039315312853446e+01
9.380666190423250e+01 9.535089841874026e+01
2.229998585864743e+01 7.947104299426752e+01
6.032117163009114e+01 4.392881533150923e+01
5.103503133523066e+01 8.114404043397104e+01
4.352563651163951e+01 3.081263657510311e+01
4.023768974195436e+01 3.172383616576773e+01
4.701112243295844e+01 4.241170808231393e+01
3.259874206841991e+01 3.738518014209460e+01
9.892015776421307e+00 2.964276425256952e+01
2.645303991463553e+01 5.822823128109339e+01
5.693357963809446e+01 5.224716477760445e+01
5.411207945641191e+01 7.282059352612653e+01
2.095591710841008e+01 1.768011279380039e+01
4.625969304277483e+01 4.582676613760560e+01
2.865214704937060e+01 3.019267217732502e+01
5.555415803108014e+01 7.251140562720278e+01
3.293080194420785e+01 6.794072445955061e+01
1.989888075997326e+01 3.110729269937695e+01
6.025832760658852e+01 6.147243312129515e+01
4.921129824673853e+01 5.680236198207904e+01
5.881588982692942e+01 5.021018603030852e+01
5.761337363525303e+01 5.997566377267653e+01
7.255800913699927e+01 7.702754679901757e+01
9.270453706852290e+01 9.606069779894430e+01
1.262752277167448e+01 3.086232993592101e+01
5.469527481607507e+01 5.609407705273568e+01
8.867585123048623e+01 8.961578802594066e+01
8.782934495447276e+01 7.617016735473555e+01
2.977936249992926e+01 7.167434607864878e+01
1.475470499112381e+01 3.352364867402984e+01
7.937171603046274e+01 7.704071889971114e+01
4.645655902209663e+01 3.126511989879528e+01
3.511943519573795e+01 3.544554270837551e+01
4.036175759617796e+01 5.149212141964674e+01
6.844494059372603e+01 5.805267673597649e+01
4.116546075655439e+01 5.497137511104838e+01
2.572143362872742e+01 6.527426767637314e+01
2.861408051177322e+01 2.724832266302498e+01
3.750373983514979e+01 5.200253611182603e+01
2.940829819505975e+01 3.215338516615469e+01
5.008937847037969e+01 3.061293581364616e+01
4.061474630203612e+01 5.893819017720497e+01
4.216757722747489e+01 6.478692117853788e+01
3.996332472842418e+01 2.618189830898319e+01
1.914839871983614e+01 1.257564117922066e+01
4.843773730569081e+01 6.318925786834974e+01
3.208422116141278e+01 2.281749213670948e+01
5.289812040353848e+01 6.521704180239752e+01
7.636501277518047e+01 3.670355481983042e+01
1.604186863150610e+01 1.148497758340247e+01
5.065062197671921e+01 4.303512859048872e+01
9.256642448865499e+01 8.832815440263657e+01
7.888829982176753e+01 7.072819809608600e+01
4.612945617771216e+01 3.233617997993537e+01
2.723530544841568e+01 2.485846260252213e+01
4.831176714707540e+01 4.226764102291845e+01
6.146517743278754e+01 5.471874953147680e+01
2.697076423325291e+01 3.792200703170098e+01
1.538742974631133e+01 2.313874073958667e+01
7.763929175511997e+01 7.006474498719102e+01
9.110671296266876e+00 1.047726883019873e+01
8.260674716697811e+01 9.053452695607463e+01
6.848930349856494e+01 5.966252121239640e+01
6.820188790457522e+01 6.134522547560876e+01
3.471513721863618e+01 4.991167461011998e+01
8.484397607092848e+00 1.700237402744803e+01
2.015931940768290e+01 3.391229117813685e+01
7.943003267456598e+01 8.493859620561474e+01
1.013975775442769e+01 5.635323412445295e+01
6.083843431486021e+01 7.228313836829606e+01
5.130290013979165e+01 4.603423348262798e+01
1.293430687147838e+01 1.586745103080193e+01
8.826529925327802e+01 6.045998289086116e+01
5.912802800010110e+01 7.532172671786813e+01
6.017356898764859e+01 5.706496959294344e+01
9.081077569172197e+01 8.811728205474060e+01
7.772454304523981e+01 8.114169227003194e+01
4.939913848786753e+00 6.759675265709540e+00
2.339018383910767e+01 1.568898568902238e+01
3.584649057137027e+01 2.353108754343063e+01
4.256603551366225e+01 4.902706563743583e+01
9.749058873390504e+01 9.721581477427497e+01
4.294318238339768e+01 5.982100695433841e+01
2.913027281183704e+01 5.873988189858903e+01
5.676969141284482e+01 5.732344417041303e+01
2.246697758034209e+01 4.687436711768345e+01
6.741735282109404e+01 7.778868650573303e+01
5.529206488511348e+01 6.632536073060763e+01
2.984296912764495e+01 6.108272638243592e+01
4.310282323013482e+01 7.508158001528835e+01
2.475958434371384e+01 3.330255153060882e+01
2.907747016367667e+01 1.422054466865700e+01
3.691601950882902e+01 5.740643383463059e+01
4.025402497347565e+01 4.349917461491684e+01
4.187372930631904e+01 1.327266045336047e+01
2.080107030433850e+01 1.238884753255387e+01
3.928978257811285e+01 5.228875310700661e+01
4.125289093883563e+01 4.244805763467403e+01
6.695800674491031e+01 6.294065343333875e+01
2.113689176463088e+01 1.541576753485108e+01
7.266444236998822e+00 1.279697480704850e+01
6.253724825211599e+01 5.416815113479726e+01
6.811382061227079e+00 8.873955122623428e+00
4.038543336200873e+01 2.863298766627489e+01
5.167154624106679e+01 2.943801910688298e+01
3.136403344040007e+01 3.851935072862499e+01
3.885354542480782e+01 1.809179102552371e+01
4.426062284538754e+01 4.953455691366931e+01
5.411853733589494e+01 4.081504382771520e+01
2.910366228861099e+01 3.887286191166853e+01
1.596370467818795e+01 4.510833015812668e+01
4.388993595196521e+01 4.193232796024979e+01
5.164292617645644e+01 1.790325626299474e+01
4.393160907440411e+00 3.078846026077346e+00
2.112423442517584e+01 3.010452545557402e+01
6.746728474969214e+01 5.425919110272213e+01
1.941475025121651e+01 1.426516046709779e+01
3.365038528979134e+01 2.291336394745721e+01
3.378576548575790e+01 5.160073664484482e+01
6.217620460274801e+01 6.526646248453251e+01
3.952106979853251e+01 4.380023318319866e+01
5.606962497349763e+01 5.189764947997811e+01
6.418291027759573e+00 8.760057988092093e+00
5.403899598200774e+01 1.554599825473766e+01
7.397488562803903e+01 8.553263079869723e+01
7.594711758246441e+01 5.362782217957979e+01
6.191348930010805e+01 3.504696173330557e+01
5.838854980894283e+01 2.766696849880612e+01
7.216992370753778e+01 6.537412162786310e+01
4.018598484650318e+01 8.395529975532551e+01
3.180660829007294e+01 6.247049686173175e+01
2.227778815972535e+01 1.752739285732944e+01
4.220298730854012e+01 6.630357041334042e+01
5.117844684032680e+01 2.235855271755622e+01
3.022821280137581e+01 3.760791261150376e+01
3.418319196568066e+01 2.967099476657341e+01
3.997558409369614e+01 6.556747357597652e+01
5.737899788129585e+01 8.030160248697322e+01
4.122972980155583e+01 5.234922428302444e+01
1.720147420837986e+01 2.141777144494922e+01
4.446337147022381e+01 4.347576430099262e+01
4.695776785715830e+01 5.571455805694912e+01
7.490496847080621e+01 6.974012847041396e+01
6.074357239080422e+01 3.735131866658970e+01
2.660685744930952e+01 3.027289754702737e+01
4.914572006274091e+01 7.090277067205255e+01
4.045584658842668e+01 4.724413294953159e+01
1.633803718106348e+01 1.910089629175565e+01
6.012436161843649e+01 4.886413816686593e+01
4.080202113783330e+01 6.200189446283343e+01
3.634835227010173e+01 1.833911953629010e+01
2.407441298636649e+01 5.597606546088569e+01
7.624795446876173e+01 7.551106132410685e+01
8.768182463077891e+01 8.310022356425445e+01
5.049288128567880e+01 4.941092627053306e+01
6.208105692204806e+01 7.492835272399428e+01
2.120829839882238e+01 4.236537807164622e+01
8.502768705224945e+01 6.933859190084009e+01
3.633878510198717e+01 3.920042686203297e+01
4.345578351870178e+01 2.097469821897825e+01
6.836708647077050e+01 6.055966833212649e+01
6.860685428683013e+01 3.282083798187846e+01
1.595995062401907e+01 1.401268818509034e+01
2.152531533366064e+01 1.640381703192798e+01
1.980704945778242e+01 3.759688182346939e+01
1.296220417308714e+01 2.392696609401478e+01
7.063952599038943e+01 6.029217194956696e+01
4.633278613663389e+01 1.638842097856982e+01
6.662860481931675e+01 5.329964388226696e+01
4.915557507066791e+01 4.153411859571650e+01
3.243556850862566e+01 1.253204413648240e+01
3.710698031881112e+01 1.912016500482449e+01
5.749514613046662e+01 7.540111643185313e+01
7.130909622214465e+01 6.875585054482833e+01
3.431974378733963e+01 3.373634176384409e+01
4.926853491871178e+01 5.142629863780192e+01
7.905409952851815e+01 2.846113604617211e+01
3.931764600897157e+01 1.872965799454990e+01
6.201451312356185e+01 5.402415140741886e+01
4.278573739513016e+01 7.306369752259239e+01
4.864871312840054e+01 5.723119763024002e+01
3.130759945870797e+01 3.633072905797945e+01
6.364043666336057e+01 6.788784398016602e+01
3.287132557618033e+01 5.456206976645717e+01
7.762013216749384e+01 6.437187155555011e+01
6.779496442329560e+01 3.649497669586953e+01
4.586526898836554e+01 6.141505522823138e+01
6.711917058297001e+01 6.231754591464345e+01
5.095257047243913e+01 7.357751168841469e+01
3.947408691809758e+01 4.953897391104502e+01
6.013463509189253e+01 6.516032814374603e+01
5.536682236081118e+01 3.636077457580941e+01
7.412888771879022e+01 8.310588651183281e+01
8.504399715728651e+01 8.043477945478985e+01
2.424223359313727e+01 3.745297795601033e+01
5.759255433572709e+01 7.558209651645701e+01
4.798017061541467e+01 5.351831408992660e+01
2.928425314220110e+01 1.811307188152701e+01
3.573473126500647e+01 3.219239269879245e+01
1.629513453353976e+01 2.783942152345451e+01
3.290136352784919e+01 1.879927487053951e+01
1.533768357921142e+01 3.766335554814265e+01
4.287651688999153e+00 5.729056717628355e+00
4.746102028267807e+01 3.009678647066946e+01
5.500473702044111e+01 6.527898209465025e+01
2.620611727777641e+01 4.079709054688369e+01
6.154865010153046e+01 4.042606942936058e+01
3.089293976786208e+01 1.895381648080145e+01
3.290342751477313e+01 4.008279606786446e+01
4.293302256913194e+01 3.064432905388604e+01
4.605436614747693e+01 3.240910626843200e+01
2.016927554059055e+01 2.396034799921562e+01
5.900816205643248e+01 4.581565982201183e+01
8.091572051481015e+01 8.966732588544960e+01
3.401872854910533e+01 5.994256050745343e+01
7.012415855779257e+01 7.494257880023117e+01
5.537852454999003e+01 3.699940255419714e+01
4.991739693833665e+01 6.988452344387709e+01
1.422660520869172e+01 3.796045058405490e+01
5.632389067593225e+01 4.700165869901952e+01
8.714771529724000e+01 8.391806344021272e+01
7.392263475351385e+01 7.350816349367764e+01
5.162417884700582e+01 5.151290520455904e+01
6.676070185128088e+01 6.612531322904724e+01
5.389058934320479e+01 6.108555333659091e+01
5.244994442926031e+01 5.767773800053750e+01
7.449058115215917e+01 7.103713843563989e+01
4.370044075583339e+01 8.559536766062996e+01
3.451530743922592e+01 6.938296514574064e+00
3.157492644114732e+01 4.079148920867579e+01
4.099183739422145e+01 2.512634553040968e+01
7.180489148900050e+01 8.589563758049981e+01
7.251295897320517e+01 4.550916555103341e+01
8.513752056217365e+00 1.647944883496502e+01
4.101175011435626e+01 6.974106359496275e+01
6.342237337353733e+01 8.042617696655284e+01
4.117042072013388e+01 4.567422704262509e+01
4.860255473870767e+01 2.796851025157208e+01
8.051717809272184e+01 7.639560244031661e+01
2.726780890918790e+01 3.848864734940545e+01
3.605083660817948e+01 4.249569166719974e+01
5.352179119014872e+01 7.024918204697600e+01
6.160868514502975e+01 4.055008975715696e+01
2.446267186915050e+01 2.162416503797124e+01
2.642564895515925e+01 4.174072511921339e+01
9.268859419847387e+01 9.045337489145420e+01
8.018201494464705e+01 7.960966159704631e+01
8.846227392398083e+01 8.944511425740166e+01
6.752115243838577e+01 6.292852269248149e+01
2.953970963532145e+01 1.788622696832990e+01
2.597961193449141e+01 5.052689512530367e+01
3.148926077525139e+01 2.826532528609709e+01
2.459949549926072e+00 4.165180247860929e+00
6.164586648311973e+01 6.523559740166672e+01
4.410691550743681e+01 6.072308192443653e+01
4.732573742191862e+01 7.604843698454195e+01
5.102314148633013e+01 5.249177794532411e+01
7.925885902525764e+01 7.641388319423177e+01
1.559299634914912e+01 1.372413562899255e+01
3.279191899921101e+01 2.630413217551536e+01
7.496533062773139e+01 8.557026408173556e+01
2.038459931340672e+01 4.775960215906205e+01
4.483723145446483e+01 4.768102388943721e+01
6.190338984205277e+01 5.240742195059229e+01
6.026574130520294e+01 8.030639339846124e+01
6.049156433827952e+01 4.507442039771507e+01
1.546691769795454e+01 2.324949237396812e+01
3.090493974153298e+01 1.983876322087659e+01
9.793669049264423e+00 9.785549474116493e+00
5.759218896678254e+01 6.039708720487437e+01
3.952177453713583e+01 6.848090325927394e+01
4.344646626472285e+01 4.531309517188165e+01
1.527297007050305e+01 3.135737924083678e+01
4.111410702642153e+01 5.416140936031629e+01
3.323624328422444e+01 2.798003381462509e+01
5.884176665091129e+01 7.855081522610450e+01
5.936437779156471e+01 3.392708707238171e+01
1.272196603307500e+01 1.042981846104925e+01
6.962580318195474e+01 5.769821974225800e+01
7.023842300558947e+01 7.767214313247247e+01
3.121619206593796e+01 3.453654230168259e+01
4.920065701505238e+01 2.664240732098073e+01
8.197761638789984e+01 7.707717295923410e+01
6.647971902770712e+01 3.198924044279075e+01
8.491513602331784e+01 8.569035008216028e+01
5.590286335896557e+01 6.635860543814701e+01
2.376974254840612e+01 2.172737536282517e+01
3.755814104530652e+01 2.425547522387478e+01
3.024574951049075e+01 1.665042352472119e+01
5.998997587342695e+01 6.325464578864432e+01
3.058742614686071e+01 4.664441262951159e+01
4.762767940807351e+01 6.691412953358034e+01
5.916810224044794e+01 4.609666441600334e+01
7.055918187013772e+01 2.264902564269927e+01
4.936925217209753e+01 5.385099563265794e+01
5.749142473193508e+01 4.406328955176350e+01
7.462083652887686e+01 4.643848211281708e+01
3.188158516998252e+01 1.749930131459800e+01
5.919011905676654e+01 5.137701784865363e+01
6.044720267766871e+01 3.428558147377215e+01
5.505112575702707e+01 3.611742147428975e+01
1.906112415732342e+01 1.798953511598559e+01
3.809471285945295e+01 5.066480862341308e+01
3.878815078891792e+01 3.342212518530468e+01
5.022432021385290e+01 6.985801496958237e+01
3.517544814338417e+01 4.181050452310429e+01
5.833817169857224e+01 4.233056559402888e+01
7.978465552908061e+01 6.740782197433482e+01
3.825066270197027e+01 5.017890399824125e+01
4.382606288698577e+01 6.005818014864931e+01
7.061500937040969e+01 4.463197201906025e+01
5.847034981399798e+01 7.425834690887862e+01
9.236381031434711e+01 8.833882131784618e+01
7.430101805227483e+01 7.236046639720374e+01
6.295445961553799e+01 4.356017420695650e+01
3.983790790344543e+01 5.886999047618773e+01
2.876797938170589e+01 3.816630684711026e+01
7.291306477571274e+01 6.174259693513054e+01
5.110285937940644e+01 4.212764348364982e+01
7.849535735487508e+00 9.030071683474134e+00
2.025430678752446e+01 6.350399332864867e+01
4.715530457302697e+01 2.944060191025998e+01
2.322595325041219e+01 2.396280282769171e+01
8.138374942924729e+01 6.273004218557658e+01
5.129261370249661e+01 6.871063817791224e+01
8.196963845051823e+01 7.571388066407462e+01
3.176350815942970e+01 3.979744659553798e+01
6.544421410349426e+01 5.639835939667081e+01
8.001598043901082e+01 7.403318857894537e+01
2.678260985506486e+01 3.295697194767378e+01
1.042799733055095e+01 1.976313846253106e+01
6.008882338044383e+01 6.026317206364534e+01
8.138089402703528e+01 8.248678207452807e+01
2.935060083758246e+01 5.269828239659100e+01
2.869403910480287e+01 3.202675408128839e+01
7.389141995415596e+01 8.356008160784873e+01
2.049058137028288e+01 3.518250022315289e+01
8.730779548849402e+01 5.870684128792281e+01
4.709408090385636e+01 4.660558073552283e+01
8.752046121392405e+01 7.177381275080802e+01
5.995423325999359e+01 5.698701737575572e+01
4.021567560085764e+01 4.115507399442436e+01
3.886287849198175e+01 1.426687430468762e+01
2.917663685490616e+01 2.553517781438618e+01
6.673164500406058e+01 3.374951269948862e+01
1.997634479747737e+01 1.495022314392685e+01
6.478376397325623e+01 2.832571920224010e+01
6.948786569881163e+01 4.547204044290903e+01
1.031865503924515e+01 1.347362369189995e+01
4.187598217263761e+01 5.449202849375514e+01
4.235841495165499e+01 7.548986624645558e+01
6.744829632364562e+01 5.228582889737870e+01
4.856419675902321e+01 4.899782998454993e+01
4.157348454896979e+01 5.968451348224874e+01
5.364708885334727e+01 5.455370397904629e+01
5.739704328962905e+01 7.101720102149423e+01
7.699397392248945e+01 8.726627629770699e+01
7.519576500303279e+01 3.002092445378803e+01
1.737605182922140e+01 1.253261787810141e+01
2.014376313338909e+01 1.307031428212103e+01
7.030168087604045e+01 4.543956718758217e+01
4.075135783393652e+01 1.795247722255459e+01
1.680621481718626e+01 3.739367236826433e+01
5.220826808339243e+01 6.281141858339970e+01
1.191688230313616e+01 2.728103876955456e+01
8.041679427042824e+01 9.076007201841666e+01
5.393204388097834e+01 7.028706771628916e+01
3.327003956834739e+01 3.762748671209371e+01
2.663722292410403e+01 2.064870218264022e+01
3.461265347369974e+01 3.333104421351250e+01
5.304760844274043e+01 4.257644270515639e+01
5.954638348874039e+01 7.766615776233627e+01
7.979546017090917e+01 4.290174670565617e+01
9.077853613246546e+01 8.806603175820680e+01
4.867705619798073e+01 4.361159376536869e+01
4.305987289813980e+01 7.168721392798867e+01
5.583779219608549e+01 3.148531285385020e+01
5.016971585997519e+01 6.151737183219944e+01
3.774632582501712e+01 4.196179276257928e+01
2.114207238386654e+01 4.027377186912581e+01
4.782387343570397e+01 1.997359408093692e+01
5.738683436089872e+01 4.772780649578205e+01
2.803230731604657e+01 2.552959177486651e+01
3.982640826990652e+01 3.914928508958756e+01
7.795268677476948e+01 7.750555853777330e+01
5.443402745204614e+01 5.148083984752311e+01
6.453403816363570e+01 6.351033534492774e+01
5.559221750622743e+01 5.255721800842635e+01
8.731865881427099e+01 8.723284155391785e+01
2.284979193947284e+01 1.837238547904512e+01
6.716166104960374e+01 4.587704596877851e+01
3.124044934481760e+01 6.813141069151635e+01
8.416775484702407e+01 8.139905880331523e+01
2.498812170830333e+01 2.142142275515679e+01
8.068711571503910e+01 7.238389647134615e+01
6.694434015356237e+01 7.036776753672731e+01
8.209063565315401e+01 9.369611202586105e+01
1.707464195818230e+01 1.589379279516510e+01
7.401264190637924e+01 8.962152969297263e+01
2.377998913260232e+01 2.897814132314032e+01
8.453018568194577e+01 8.383557431119658e+01
4.541044088067046e+01 2.903886876755337e+01
5.028766719303652e+01 4.922883776314766e+01
2.693215952659198e+01 4.523945138020809e+01
8.479380863689605e+01 8.804267885790256e+01
5.654950159857879e+01 2.517713475796805e+01
5.966473835600419e+01 5.200520932206535e+01
5.729460310454873e+01 4.869911974311122e+01
8.132699016092012e+01 8.652147979299336e+01
3.433898195474115e+01 5.431522915693024e+01
2.372817085336246e+01 2.943712889618203e+01
7.607089140369510e+01 7.926386207207841e+01
5.947530320930268e+01 6.970595136627638e+01
6.672437132124260e+01 4.767715785603638e+01
5.362175163827148e+01 2.629928489197781e+01
4.363107646768185e+01 6.680927218471466e+01
5.268030247114785e+01 4.407617480879298e+01
2.338450084223225e+01 6.334312088386698e+01
2.055952522221376e+01 1.996831615231010e+01
2.820203823330885e+01 3.741811379758575e+01
4.141334928136207e+01 3.291343608111571e+01
3.607575044817874e+01 3.356797834525407e+01
2.695523519911009e+01 3.671681859790772e+01
7.209562939186233e+01 5.487016374975131e+01
4.277834922587037e+01 2.483550315565604e+01
9.065663204391009e+01 8.530774711580696e+01
7.310663323954134e+01 7.071256972922521e+01
7.001193148867468e+01 8.972413825006733e+01
6.075391901293808e+01 5.612484639728346e+01
4.862229915871934e+01 4.359227228942358e+01
3.184551414118364e+01 5.056799328982312e+01
3.534704441489752e+01 5.220523611709015e+01
2.550559519155398e+01 2.805666013024405e+01
6.861153787383751e+01 8.741718083984682e+01
5.677134175385726e+01 2.698798109420166e+01
3.440867199238159e+01 3.394516376560498e+01
7.506789048778899e+01 5.527101695442447e+01
2.480570691393576e+01 4.609978101036879e+01
7.292483733111109e+01 4.660036983802178e+01
7.737607653157151e+01 8.616136413327932e+01
6.434120247724087e+01 3.489883611291096e+01
4.566430762598048e+01 4.964418260905599e+01
4.550395176456129e+01 4.999224760649730e+01
1.276620773633855e+01 1.376517609030625e+01
4.744576707523161e+01 5.747410163471623e+01
5.447551575415582e+01 6.369594238687094e+01
8.745091201581369e+01 8.515135870126807e+01
4.854300134311435e+01 3.631279746800461e+01
2.637248940058750e+01 3.254255159483294e+01
7.107909194463902e+01 8.204577755524035e+01
2.595956594251579e+01 2.908505982920260e+01
7.307761013439442e+01 6.846873492142895e+01
2.711650377428316e+01 3.436208996701762e+01
6.648751447047286e+01 3.689700294373587e+01
8.709905062962582e+01 5.277982170527492e+01
6.772766517812448e+01 5.604906800973016e+01
4.900406352994486e+01 4.541282992731182e+01
6.857684340983536e+01 3.712751737405841e+01
9.601515178694680e+01 9.184407096596109e+01
5.559217195518368e+01 7.459119260293534e+01
5.369298660510255e+01 4.519806511334623e+01
1.616328268210211e+01 5.969859643055719e+00
6.891491369024283e+01 4.367948018920916e+01
3.703889411458105e+01 2.898335136238299e+01
1.271386246412486e+01 1.755473641009977e+01
6.676527443115579e+01 6.866972471601119e+01
7.947697224641570e+01 6.283363022403004e+01
3.179738455142930e+01 4.423315003638543e+01
7.691474648097818e+01 3.687023774526025e+01
7.073453572711780e+01 6.488628117961976e+01
4.395555011699557e+01 3.397018190605251e+01
6.454301736339238e+01 5.967019300151058e+01
4.119141863736471e+01 2.782901572406166e+01
8.500491873119034e+01 9.046432105855507e+01
7.605513655764318e+01 7.341127868067505e+01
5.945130912041832e+01 5.662096274447658e+01
5.172392931912599e+01 6.580498665310353e+01
4.159869112696846e+01 5.440184200305168e+01
8.543674318544970e+01 9.010524439924086e+01
1.368683485639221e+01 2.269009830867789e+01
7.689928045484366e+01 5.947481320082737e+01
3.461227384547573e+01 6.125208707182071e+01
3.590974725967645e+01 5.004105676989202e+01
4.509431033642098e+01 4.229091192692695e+01
3.741855318805095e+01 3.060119900147527e+01
6.920494043774258e+01 5.924940517991232e+01
3.302849975366703e+01 3.998351266330110e+01
8.521481032741872e+01 7.939904435494012e+01
9.447751263248192e+01 9.355268394856800e+01
2.227867002592189e+01 5.595624637714584e+01
6.595021739479486e+01 7.119734566648512e+01
2.050434512355324e+01 3.786887288680025e+01
7.850977976014438e+01 6.696611219201445e+01
5.388863715173012e+01 2.870249188795938e+01
8.663107223619400e+01 8.535125983694985e+01
8.807891205489804e+01 9.119877801637821e+01
6.841159591661656e+01 6.343037587000255e+01
9.504461288561957e+01 9.750131382150009e+01
5.338282953378983e+01 6.118081640767797e+01
7.077350811061011e+01 6.175196513226020e+01
7.387715672088196e+01 6.522853538406939e+01
9.125844005756753e+01 8.389960444045420e+01
7.623540679052110e+01 8.301836116145438e+01
7.406384000888283e+01 2.733520999282364e+01
3.738387545759136e+01 3.240181502222072e+01
8.699995437179707e+01 9.382835640136524e+01
7.192231015143395e+00 7.707152104582870e+00
